Test_Time(s),Voltage(V),Current(A),remaining capacity,maximum capacity
0.0,4.0814,-1.3005,1.9959211388888891,1.9959211388888891
1.0,4.063,-1.3,1.995559888888889,1.9959211388888891
2.0,4.0596,-1.3001,1.995198777777778,1.9959211388888891
3.0,4.057,-1.3,1.994837638888889,1.9959211388888891
4.0,4.0548,-1.3,1.994476527777778,1.9959211388888891
5.0,4.0531,-1.3,1.9941154166666668,1.9959211388888891
6.0,4.0512,-1.2999,1.9937543055555558,1.9959211388888891
7.0,4.0498,-1.3,1.9933932222222224,1.9959211388888891
8.0,4.0484,-1.3001,1.9930321111111113,1.9959211388888891
9.0,4.047,-1.3001,1.9926709722222224,1.9959211388888891
10.0,4.0453,-1.3,1.9923098333333336,1.9959211388888891
11.0,4.0444,-1.2999,1.9919487222222225,1.9959211388888891
12.0,4.0433,-1.3001,1.9915876388888891,1.9959211388888891
13.0,4.0421,-1.3,1.9912265000000002,1.9959211388888891
14.0,4.0407,-1.3002,1.9908653888888892,1.9959211388888891
15.0,4.0398,-1.3,1.9905042222222225,1.9959211388888891
16.0,4.0386,-1.3,1.9901431111111114,1.9959211388888891
17.0,4.0379,-1.3001,1.9897820000000002,1.9959211388888891
18.0,4.0368,-1.3001,1.9894208611111113,1.9959211388888891
19.0,4.0357,-1.3,1.9890597222222224,1.9959211388888891
20.0,4.0349,-1.3001,1.9886986111111113,1.9959211388888891
21.0,4.0341,-1.3001,1.9883374722222225,1.9959211388888891
22.0,4.0329,-1.3001,1.9879763333333336,1.9959211388888891
23.0,4.0323,-1.3001,1.9876151944444447,1.9959211388888891
24.0,4.0316,-1.3001,1.9872540555555558,1.9959211388888891
25.0,4.0308,-1.3,1.986892916666667,1.9959211388888891
26.0,4.0299,-1.3001,1.9865318055555559,1.9959211388888891
27.0,4.0292,-1.3002,1.986170666666667,1.9959211388888891
28.0,4.0281,-1.3001,1.9858095000000002,1.9959211388888891
29.0,4.0277,-1.3,1.9854483611111113,1.9959211388888891
30.0,4.0269,-1.3001,1.9850872500000003,1.9959211388888891
31.0,4.026,-1.3,1.9847261111111114,1.9959211388888891
32.0,4.0252,-1.3,1.9843650000000002,1.9959211388888891
33.0,4.0244,-1.2999,1.9840038888888891,1.9959211388888891
34.0,4.0239,-1.3001,1.9836428055555557,1.9959211388888891
35.0,4.0232,-1.3,1.9832816666666668,1.9959211388888891
36.0,4.0225,-1.3,1.9829205555555558,1.9959211388888891
37.0,4.0219,-1.3,1.9825594444444448,1.9959211388888891
38.0,4.021,-1.3,1.9821983333333335,1.9959211388888891
39.0,4.0206,-1.3,1.9818372222222225,1.9959211388888891
40.0,4.0196,-1.3,1.9814761111111114,1.9959211388888891
41.0,4.019,-1.3,1.9811150000000002,1.9959211388888891
42.0,4.0186,-1.3,1.9807538888888891,1.9959211388888891
43.0,4.018,-1.3001,1.980392777777778,1.9959211388888891
44.0,4.0172,-1.3,1.9800316388888892,1.9959211388888891
45.0,4.0168,-1.2999,1.979670527777778,1.9959211388888891
46.0,4.0161,-1.3,1.9793094444444446,1.9959211388888891
47.0,4.0155,-1.3,1.9789483333333335,1.9959211388888891
48.0,4.0148,-1.3,1.9785872222222225,1.9959211388888891
49.0,4.0144,-1.3,1.9782261111111112,1.9959211388888891
50.0,4.0135,-1.3001,1.9778650000000002,1.9959211388888891
51.0,4.0128,-1.3,1.9775038611111113,1.9959211388888891
52.0,4.0125,-1.3,1.9771427500000003,1.9959211388888891
53.0,4.0119,-1.3,1.976781638888889,1.9959211388888891
54.0,4.0115,-1.3001,1.976420527777778,1.9959211388888891
55.0,4.0108,-1.3001,1.976059388888889,1.9959211388888891
56.0,4.0102,-1.3001,1.9756982500000002,1.9959211388888891
57.0,4.0098,-1.3,1.9753371111111113,1.9959211388888891
58.0,4.0092,-1.3,1.9749760000000003,1.9959211388888891
59.0,4.0087,-1.3,1.974614888888889,1.9959211388888891
60.0,4.008,-1.3,1.974253777777778,1.9959211388888891
61.0,4.0075,-1.3,1.973892666666667,1.9959211388888891
62.0,4.007,-1.3001,1.9735315555555557,1.9959211388888891
63.0,4.0064,-1.3001,1.9731704166666668,1.9959211388888891
64.0,4.006,-1.3001,1.972809277777778,1.9959211388888891
65.0,4.0055,-1.3001,1.972448138888889,1.9959211388888891
66.0,4.005,-1.3001,1.9720870000000001,1.9959211388888891
67.0,4.0046,-1.3001,1.9717258611111113,1.9959211388888891
68.0,4.0039,-1.3,1.9713647222222224,1.9959211388888891
69.0,4.0033,-1.2999,1.9710036111111113,1.9959211388888891
70.0,4.0029,-1.3,1.970642527777778,1.9959211388888891
71.0,4.0025,-1.3,1.970281416666667,1.9959211388888891
72.0,4.0021,-1.3,1.9699203055555559,1.9959211388888891
73.0,4.0016,-1.3,1.9695591944444446,1.9959211388888891
74.0,4.0012,-1.3,1.9691980833333336,1.9959211388888891
75.0,4.0006,-1.3001,1.9688369722222225,1.9959211388888891
76.0,4.0001,-1.3,1.9684758333333336,1.9959211388888891
77.0,3.9999,-1.3,1.9681147222222224,1.9959211388888891
78.0,3.9993,-1.3,1.9677536111111114,1.9959211388888891
79.0,3.9989,-1.3,1.9673925000000003,1.9959211388888891
80.0,3.9983,-1.3001,1.967031388888889,1.9959211388888891
81.0,3.9979,-1.3,1.9666702500000002,1.9959211388888891
82.0,3.9974,-1.3,1.9663091388888891,1.9959211388888891
83.0,3.997,-1.3,1.965948027777778,1.9959211388888891
84.0,3.9965,-1.3,1.9655869166666669,1.9959211388888891
85.0,3.9962,-1.3001,1.9652258055555558,1.9959211388888891
86.0,3.9958,-1.3,1.964864666666667,1.9959211388888891
87.0,3.9952,-1.3,1.9645035555555557,1.9959211388888891
88.0,3.995,-1.3,1.9641424444444446,1.9959211388888891
89.0,3.9943,-1.3001,1.9637813333333336,1.9959211388888891
90.0,3.9942,-1.3,1.9634201944444447,1.9959211388888891
91.0,3.9937,-1.3,1.9630590833333335,1.9959211388888891
92.0,3.9932,-1.3002,1.9626979722222224,1.9959211388888891
93.0,3.9927,-1.3,1.9623368055555557,1.9959211388888891
94.0,3.9922,-1.3,1.9619756944444446,1.9959211388888891
95.0,3.9921,-1.3,1.9616145833333336,1.9959211388888891
96.0,3.9916,-1.3,1.9612534722222223,1.9959211388888891
97.0,3.9914,-1.3,1.9608923611111113,1.9959211388888891
98.0,3.9911,-1.3,1.9605312500000003,1.9959211388888891
99.0,3.9905,-1.3001,1.960170138888889,1.9959211388888891
100.0,3.9901,-1.3001,1.9598090000000001,1.9959211388888891
101.0,3.9897,-1.3,1.9594478611111112,1.9959211388888891
102.0,3.9893,-1.3001,1.9590867500000002,1.9959211388888891
103.0,3.9889,-1.3,1.9587256111111113,1.9959211388888891
104.0,3.9885,-1.3001,1.9583645000000003,1.9959211388888891
105.0,3.9881,-1.3001,1.9580033611111114,1.9959211388888891
106.0,3.9878,-1.3,1.9576422222222225,1.9959211388888891
107.0,3.9873,-1.3,1.9572811111111112,1.9959211388888891
108.0,3.987,-1.3,1.9569200000000002,1.9959211388888891
109.0,3.9865,-1.2999,1.9565588888888892,1.9959211388888891
110.0,3.9863,-1.3,1.9561978055555558,1.9959211388888891
111.0,3.9858,-1.3,1.9558366944444447,1.9959211388888891
112.0,3.9857,-1.3001,1.9554755833333335,1.9959211388888891
113.0,3.985,-1.3,1.9551144444444446,1.9959211388888891
114.0,3.9848,-1.3001,1.9547533333333336,1.9959211388888891
115.0,3.9845,-1.3,1.9543921944444447,1.9959211388888891
116.0,3.984,-1.3001,1.9540310833333336,1.9959211388888891
117.0,3.9835,-1.3001,1.9536699444444448,1.9959211388888891
118.0,3.9835,-1.3001,1.9533088055555559,1.9959211388888891
119.0,3.983,-1.3001,1.952947666666667,1.9959211388888891
120.0,3.9825,-1.3001,1.952586527777778,1.9959211388888891
121.0,3.9823,-1.3,1.9522253888888892,1.9959211388888891
122.0,3.9821,-1.3,1.951864277777778,1.9959211388888891
123.0,3.9816,-1.3,1.951503166666667,1.9959211388888891
124.0,3.9814,-1.3001,1.9511420555555559,1.9959211388888891
125.0,3.9811,-1.3001,1.950780916666667,1.9959211388888891
126.0,3.9808,-1.3001,1.950419777777778,1.9959211388888891
127.0,3.9804,-1.3,1.9500586388888892,1.9959211388888891
128.0,3.98,-1.3,1.949697527777778,1.9959211388888891
129.0,3.9797,-1.3,1.949336416666667,1.9959211388888891
130.0,3.9792,-1.3001,1.9489753055555559,1.9959211388888891
131.0,3.979,-1.3,1.948614166666667,1.9959211388888891
132.0,3.9785,-1.3001,1.9482530555555557,1.9959211388888891
133.0,3.9784,-1.3,1.9478919166666668,1.9959211388888891
134.0,3.9781,-1.3,1.9475308055555558,1.9959211388888891
135.0,3.9777,-1.3001,1.9471696944444448,1.9959211388888891
136.0,3.9772,-1.3001,1.9468085555555559,1.9959211388888891
137.0,3.9769,-1.3001,1.946447416666667,1.9959211388888891
138.0,3.9765,-1.3,1.946086277777778,1.9959211388888891
139.0,3.9765,-1.3,1.9457251666666668,1.9959211388888891
140.0,3.9762,-1.3,1.9453640555555558,1.9959211388888891
141.0,3.9759,-1.3001,1.9450029444444445,1.9959211388888891
142.0,3.9755,-1.2999,1.9446418055555559,1.9959211388888891
143.0,3.9752,-1.3,1.9442807222222225,1.9959211388888891
144.0,3.9747,-1.3,1.9439196111111112,1.9959211388888891
145.0,3.9746,-1.3,1.9435585000000002,1.9959211388888891
146.0,3.9742,-1.3001,1.9431973888888892,1.9959211388888891
147.0,3.9738,-1.3001,1.9428362500000003,1.9959211388888891
148.0,3.9736,-1.3,1.9424751111111114,1.9959211388888891
149.0,3.9734,-1.3001,1.9421140000000001,1.9959211388888891
150.0,3.9728,-1.3,1.9417528611111112,1.9959211388888891
151.0,3.9727,-1.3001,1.9413917500000002,1.9959211388888891
152.0,3.9724,-1.3,1.9410306111111113,1.9959211388888891
153.0,3.9722,-1.3,1.9406695000000003,1.9959211388888891
154.0,3.9717,-1.3,1.940308388888889,1.9959211388888891
155.0,3.9715,-1.3,1.939947277777778,1.9959211388888891
156.0,3.9713,-1.3001,1.939586166666667,1.9959211388888891
157.0,3.9711,-1.3,1.939225027777778,1.9959211388888891
158.0,3.9707,-1.3,1.9388639166666668,1.9959211388888891
159.0,3.9703,-1.3,1.9385028055555558,1.9959211388888891
160.0,3.97,-1.3,1.9381416944444447,1.9959211388888891
161.0,3.9698,-1.3001,1.9377805833333335,1.9959211388888891
162.0,3.9696,-1.3002,1.9374194444444446,1.9959211388888891
163.0,3.9691,-1.3,1.937058277777778,1.9959211388888891
164.0,3.969,-1.3001,1.9366971666666668,1.9959211388888891
165.0,3.9687,-1.3,1.936336027777778,1.9959211388888891
166.0,3.9683,-1.3001,1.9359749166666669,1.9959211388888891
167.0,3.9682,-1.3,1.935613777777778,1.9959211388888891
168.0,3.9677,-1.3,1.935252666666667,1.9959211388888891
169.0,3.9674,-1.3,1.9348915555555557,1.9959211388888891
170.0,3.9671,-1.3001,1.9345304444444447,1.9959211388888891
171.0,3.9666,-1.3001,1.9341693055555558,1.9959211388888891
172.0,3.9669,-1.3001,1.9338081666666669,1.9959211388888891
173.0,3.9665,-1.3001,1.933447027777778,1.9959211388888891
174.0,3.9659,-1.3,1.933085888888889,1.9959211388888891
175.0,3.9659,-1.3001,1.932724777777778,1.9959211388888891
176.0,3.9655,-1.3,1.9323636388888892,1.9959211388888891
177.0,3.9653,-1.3001,1.932002527777778,1.9959211388888891
178.0,3.965,-1.3,1.931641388888889,1.9959211388888891
179.0,3.9647,-1.3,1.931280277777778,1.9959211388888891
180.0,3.9645,-1.3,1.930919166666667,1.9959211388888891
181.0,3.9643,-1.3,1.9305580555555557,1.9959211388888891
182.0,3.9638,-1.3,1.9301969444444447,1.9959211388888891
183.0,3.9636,-1.3,1.9298358333333336,1.9959211388888891
184.0,3.9636,-1.3001,1.9294747222222224,1.9959211388888891
185.0,3.9631,-1.3001,1.9291135833333335,1.9959211388888891
186.0,3.9626,-1.3001,1.9287524444444446,1.9959211388888891
187.0,3.9625,-1.3001,1.9283913055555557,1.9959211388888891
188.0,3.9624,-1.2999,1.9280301666666668,1.9959211388888891
189.0,3.962,-1.3,1.9276690833333336,1.9959211388888891
190.0,3.9616,-1.3001,1.9273079722222224,1.9959211388888891
191.0,3.9614,-1.3001,1.9269468333333335,1.9959211388888891
192.0,3.9613,-1.3001,1.9265856944444446,1.9959211388888891
193.0,3.9611,-1.3,1.9262245555555557,1.9959211388888891
194.0,3.9606,-1.3001,1.9258634444444447,1.9959211388888891
195.0,3.9606,-1.3001,1.9255023055555558,1.9959211388888891
196.0,3.9604,-1.3,1.925141166666667,1.9959211388888891
197.0,3.9602,-1.3001,1.9247800555555559,1.9959211388888891
198.0,3.96,-1.2999,1.924418916666667,1.9959211388888891
199.0,3.9596,-1.3001,1.9240578333333336,1.9959211388888891
200.0,3.9591,-1.3001,1.9236966944444447,1.9959211388888891
201.0,3.9588,-1.3001,1.9233355555555558,1.9959211388888891
202.0,3.9587,-1.3001,1.922974416666667,1.9959211388888891
203.0,3.9586,-1.3001,1.922613277777778,1.9959211388888891
204.0,3.9582,-1.3001,1.9222521388888891,1.9959211388888891
205.0,3.9579,-1.3001,1.9218910000000002,1.9959211388888891
206.0,3.9579,-1.2999,1.9215298611111113,1.9959211388888891
207.0,3.9575,-1.3002,1.921168777777778,1.9959211388888891
208.0,3.9572,-1.3001,1.9208076111111114,1.9959211388888891
209.0,3.9569,-1.3,1.9204464722222225,1.9959211388888891
210.0,3.9565,-1.3,1.9200853611111113,1.9959211388888891
211.0,3.9565,-1.3,1.9197242500000002,1.9959211388888891
212.0,3.9564,-1.3,1.919363138888889,1.9959211388888891
213.0,3.956,-1.3,1.919002027777778,1.9959211388888891
214.0,3.9558,-1.3,1.918640916666667,1.9959211388888891
215.0,3.9554,-1.3,1.9182798055555557,1.9959211388888891
216.0,3.9552,-1.3,1.9179186944444446,1.9959211388888891
217.0,3.955,-1.3,1.9175575833333336,1.9959211388888891
218.0,3.9549,-1.3001,1.9171964722222223,1.9959211388888891
219.0,3.9546,-1.3,1.9168353333333334,1.9959211388888891
220.0,3.9542,-1.3001,1.9164742222222224,1.9959211388888891
221.0,3.9541,-1.3,1.9161130833333335,1.9959211388888891
222.0,3.9539,-1.3,1.9157519722222225,1.9959211388888891
223.0,3.9537,-1.3,1.9153908611111112,1.9959211388888891
224.0,3.9533,-1.3001,1.9150297500000002,1.9959211388888891
225.0,3.9532,-1.2999,1.9146686111111113,1.9959211388888891
226.0,3.9529,-1.3,1.914307527777778,1.9959211388888891
227.0,3.9527,-1.3002,1.9139464166666669,1.9959211388888891
228.0,3.9525,-1.3001,1.9135852500000001,1.9959211388888891
229.0,3.9524,-1.3001,1.9132241111111112,1.9959211388888891
230.0,3.952,-1.2999,1.9128629722222223,1.9959211388888891
231.0,3.9517,-1.3001,1.9125018888888892,1.9959211388888891
232.0,3.9516,-1.3001,1.9121407500000003,1.9959211388888891
233.0,3.9514,-1.3001,1.9117796111111114,1.9959211388888891
234.0,3.951,-1.3,1.9114184722222225,1.9959211388888891
235.0,3.9508,-1.3,1.9110573611111112,1.9959211388888891
236.0,3.9505,-1.3001,1.9106962500000002,1.9959211388888891
237.0,3.9503,-1.3,1.9103351111111113,1.9959211388888891
238.0,3.9502,-1.3,1.9099740000000003,1.9959211388888891
239.0,3.95,-1.3,1.909612888888889,1.9959211388888891
240.0,3.9497,-1.3001,1.909251777777778,1.9959211388888891
241.0,3.9496,-1.3001,1.908890638888889,1.9959211388888891
242.0,3.949,-1.3001,1.9085295000000002,1.9959211388888891
243.0,3.9487,-1.3,1.9081683611111113,1.9959211388888891
244.0,3.9487,-1.3,1.9078072500000003,1.9959211388888891
245.0,3.9485,-1.3,1.907446138888889,1.9959211388888891
246.0,3.9481,-1.3001,1.907085027777778,1.9959211388888891
247.0,3.9479,-1.3001,1.906723888888889,1.9959211388888891
248.0,3.9478,-1.3,1.9063627500000002,1.9959211388888891
249.0,3.9476,-1.3001,1.9060016388888892,1.9959211388888891
250.0,3.9473,-1.3001,1.9056405000000003,1.9959211388888891
251.0,3.947,-1.3,1.9052793611111114,1.9959211388888891
252.0,3.9468,-1.3001,1.9049182500000001,1.9959211388888891
253.0,3.9467,-1.3,1.9045571111111113,1.9959211388888891
254.0,3.9465,-1.3,1.9041960000000002,1.9959211388888891
255.0,3.9463,-1.3,1.9038348888888892,1.9959211388888891
256.0,3.9459,-1.3,1.903473777777778,1.9959211388888891
257.0,3.9459,-1.3,1.903112666666667,1.9959211388888891
258.0,3.9455,-1.3,1.9027515555555556,1.9959211388888891
259.0,3.9451,-1.3,1.9023904444444446,1.9959211388888891
260.0,3.9449,-1.3001,1.9020293333333336,1.9959211388888891
261.0,3.9449,-1.3,1.9016681944444447,1.9959211388888891
262.0,3.9445,-1.3001,1.9013070833333336,1.9959211388888891
263.0,3.9444,-1.3,1.9009459444444445,1.9959211388888891
264.0,3.9441,-1.3001,1.9005848333333335,1.9959211388888891
265.0,3.9442,-1.3001,1.9002236944444446,1.9959211388888891
266.0,3.9437,-1.3,1.8998625555555557,1.9959211388888891
267.0,3.9434,-1.3001,1.8995014444444447,1.9959211388888891
268.0,3.9433,-1.3,1.8991403055555558,1.9959211388888891
269.0,3.9428,-1.3,1.8987791944444445,1.9959211388888891
270.0,3.9428,-1.3,1.8984180833333335,1.9959211388888891
271.0,3.9424,-1.3,1.8980569722222225,1.9959211388888891
272.0,3.9425,-1.3,1.8976958611111114,1.9959211388888891
273.0,3.942,-1.3001,1.8973347500000002,1.9959211388888891
274.0,3.9418,-1.3001,1.8969736111111113,1.9959211388888891
275.0,3.9417,-1.3,1.8966124722222224,1.9959211388888891
276.0,3.9414,-1.3,1.8962513611111114,1.9959211388888891
277.0,3.9412,-1.3,1.8958902500000003,1.9959211388888891
278.0,3.9409,-1.3001,1.895529138888889,1.9959211388888891
279.0,3.9408,-1.3,1.8951680000000002,1.9959211388888891
280.0,3.9408,-1.3001,1.8948068888888892,1.9959211388888891
281.0,3.9406,-1.3001,1.8944457500000003,1.9959211388888891
282.0,3.9402,-1.3,1.8940846111111114,1.9959211388888891
283.0,3.94,-1.2999,1.8937235000000001,1.9959211388888891
284.0,3.9396,-1.3001,1.893362416666667,1.9959211388888891
285.0,3.9395,-1.3,1.893001277777778,1.9959211388888891
286.0,3.9393,-1.3,1.8926401666666668,1.9959211388888891
287.0,3.9392,-1.3001,1.8922790555555558,1.9959211388888891
288.0,3.9388,-1.3001,1.8919179166666669,1.9959211388888891
289.0,3.9386,-1.3,1.891556777777778,1.9959211388888891
290.0,3.9385,-1.3001,1.891195666666667,1.9959211388888891
291.0,3.9382,-1.2999,1.890834527777778,1.9959211388888891
292.0,3.9378,-1.3001,1.8904734444444447,1.9959211388888891
293.0,3.9378,-1.3001,1.8901123055555558,1.9959211388888891
294.0,3.9376,-1.3001,1.8897511666666669,1.9959211388888891
295.0,3.9374,-1.3,1.889390027777778,1.9959211388888891
296.0,3.9373,-1.3001,1.889028916666667,1.9959211388888891
297.0,3.937,-1.3001,1.888667777777778,1.9959211388888891
298.0,3.9369,-1.3001,1.8883066388888892,1.9959211388888891
299.0,3.9364,-1.3001,1.8879455000000003,1.9959211388888891
300.0,3.9362,-1.3001,1.8875843611111114,1.9959211388888891
301.0,3.936,-1.3,1.8872232222222225,1.9959211388888891
302.0,3.9359,-1.3,1.8868621111111112,1.9959211388888891
303.0,3.9356,-1.3001,1.8865010000000002,1.9959211388888891
304.0,3.9352,-1.3001,1.8861398611111113,1.9959211388888891
305.0,3.9353,-1.3,1.8857787222222224,1.9959211388888891
306.0,3.9349,-1.3001,1.8854176111111114,1.9959211388888891
307.0,3.9347,-1.3001,1.8850564722222225,1.9959211388888891
308.0,3.9346,-1.3001,1.8846953333333336,1.9959211388888891
309.0,3.9342,-1.3001,1.8843341944444447,1.9959211388888891
310.0,3.9341,-1.3,1.8839730555555558,1.9959211388888891
311.0,3.934,-1.3,1.8836119444444446,1.9959211388888891
312.0,3.9337,-1.3,1.8832508333333335,1.9959211388888891
313.0,3.9335,-1.3,1.8828897222222225,1.9959211388888891
314.0,3.9332,-1.3,1.8825286111111112,1.9959211388888891
315.0,3.9329,-1.3001,1.8821675000000002,1.9959211388888891
316.0,3.9329,-1.3002,1.8818063611111113,1.9959211388888891
317.0,3.9325,-1.3,1.8814451944444446,1.9959211388888891
318.0,3.9323,-1.3,1.8810840833333335,1.9959211388888891
319.0,3.9323,-1.3,1.8807229722222225,1.9959211388888891
320.0,3.9318,-1.3001,1.8803618611111113,1.9959211388888891
321.0,3.9317,-1.3001,1.8800007222222224,1.9959211388888891
322.0,3.9318,-1.3001,1.8796395833333335,1.9959211388888891
323.0,3.9313,-1.3001,1.8792784444444446,1.9959211388888891
324.0,3.9311,-1.3001,1.8789173055555557,1.9959211388888891
325.0,3.9309,-1.3001,1.8785561666666668,1.9959211388888891
326.0,3.9307,-1.3,1.878195027777778,1.9959211388888891
327.0,3.9305,-1.3,1.8778339166666669,1.9959211388888891
328.0,3.9304,-1.3001,1.8774728055555558,1.9959211388888891
329.0,3.9301,-1.3001,1.877111666666667,1.9959211388888891
330.0,3.93,-1.3,1.876750527777778,1.9959211388888891
331.0,3.9295,-1.3001,1.8763894166666668,1.9959211388888891
332.0,3.9296,-1.3001,1.876028277777778,1.9959211388888891
333.0,3.9292,-1.3001,1.875667138888889,1.9959211388888891
334.0,3.9289,-1.2999,1.8753060000000001,1.9959211388888891
335.0,3.9289,-1.3,1.874944916666667,1.9959211388888891
336.0,3.9287,-1.3,1.8745838055555557,1.9959211388888891
337.0,3.9284,-1.3001,1.8742226944444447,1.9959211388888891
338.0,3.9282,-1.3001,1.8738615555555558,1.9959211388888891
339.0,3.928,-1.3001,1.873500416666667,1.9959211388888891
340.0,3.9279,-1.3001,1.873139277777778,1.9959211388888891
341.0,3.9277,-1.3001,1.872778138888889,1.9959211388888891
342.0,3.9275,-1.3,1.8724170000000002,1.9959211388888891
343.0,3.9273,-1.3,1.8720558888888892,1.9959211388888891
344.0,3.927,-1.3,1.871694777777778,1.9959211388888891
345.0,3.9269,-1.3001,1.871333666666667,1.9959211388888891
346.0,3.9266,-1.3001,1.870972527777778,1.9959211388888891
347.0,3.9264,-1.3001,1.8706113888888891,1.9959211388888891
348.0,3.9261,-1.3,1.8702502500000002,1.9959211388888891
349.0,3.926,-1.3001,1.869889138888889,1.9959211388888891
350.0,3.9258,-1.3001,1.8695280000000003,1.9959211388888891
351.0,3.9253,-1.3,1.8691668611111112,1.9959211388888891
352.0,3.9252,-1.3001,1.8688057500000002,1.9959211388888891
353.0,3.9253,-1.3001,1.8684446111111113,1.9959211388888891
354.0,3.9249,-1.3001,1.8680834722222224,1.9959211388888891
355.0,3.9245,-1.3002,1.8677223333333335,1.9959211388888891
356.0,3.9246,-1.3001,1.867361166666667,1.9959211388888891
357.0,3.9242,-1.3001,1.867000027777778,1.9959211388888891
358.0,3.9239,-1.3001,1.8666388888888892,1.9959211388888891
359.0,3.9239,-1.3001,1.8662777500000003,1.9959211388888891
360.0,3.9236,-1.3001,1.8659166111111114,1.9959211388888891
361.0,3.9235,-1.3002,1.8655554722222225,1.9959211388888891
362.0,3.9232,-1.3001,1.8651943055555558,1.9959211388888891
363.0,3.923,-1.3001,1.8648331666666669,1.9959211388888891
364.0,3.9229,-1.3,1.864472027777778,1.9959211388888891
365.0,3.9226,-1.3001,1.864110916666667,1.9959211388888891
366.0,3.9224,-1.3001,1.863749777777778,1.9959211388888891
367.0,3.9223,-1.3,1.8633886388888892,1.9959211388888891
368.0,3.922,-1.3001,1.863027527777778,1.9959211388888891
369.0,3.9218,-1.3001,1.862666388888889,1.9959211388888891
370.0,3.9215,-1.3,1.8623052500000001,1.9959211388888891
371.0,3.9215,-1.3,1.861944138888889,1.9959211388888891
372.0,3.9212,-1.3,1.861583027777778,1.9959211388888891
373.0,3.9209,-1.3,1.8612219166666668,1.9959211388888891
374.0,3.9209,-1.3,1.8608608055555558,1.9959211388888891
375.0,3.9204,-1.3,1.8604996944444447,1.9959211388888891
376.0,3.9203,-1.3001,1.8601385833333335,1.9959211388888891
377.0,3.9202,-1.3,1.8597774444444446,1.9959211388888891
378.0,3.92,-1.3,1.8594163333333336,1.9959211388888891
379.0,3.9198,-1.3,1.8590552222222225,1.9959211388888891
380.0,3.9195,-1.2998,1.8586941111111113,1.9959211388888891
381.0,3.9195,-1.3,1.8583330555555557,1.9959211388888891
382.0,3.9191,-1.3,1.8579719444444447,1.9959211388888891
383.0,3.9193,-1.3001,1.8576108333333337,1.9959211388888891
384.0,3.9189,-1.3001,1.8572496944444445,1.9959211388888891
385.0,3.9187,-1.3001,1.8568885555555559,1.9959211388888891
386.0,3.9182,-1.3001,1.8565274166666668,1.9959211388888891
387.0,3.9181,-1.3001,1.856166277777778,1.9959211388888891
388.0,3.918,-1.2999,1.855805138888889,1.9959211388888891
389.0,3.9179,-1.3,1.8554440555555558,1.9959211388888891
390.0,3.9173,-1.3001,1.8550829444444448,1.9959211388888891
391.0,3.9173,-1.3,1.8547218055555557,1.9959211388888891
392.0,3.9172,-1.3,1.8543606944444446,1.9959211388888891
393.0,3.9171,-1.3001,1.8539995833333336,1.9959211388888891
394.0,3.9166,-1.3001,1.8536384444444447,1.9959211388888891
395.0,3.9166,-1.3001,1.8532773055555558,1.9959211388888891
396.0,3.9165,-1.3001,1.852916166666667,1.9959211388888891
397.0,3.9162,-1.3,1.852555027777778,1.9959211388888891
398.0,3.916,-1.3001,1.8521939166666668,1.9959211388888891
399.0,3.9156,-1.3,1.8518327777777779,1.9959211388888891
400.0,3.9154,-1.3001,1.8514716666666668,1.9959211388888891
401.0,3.9155,-1.3001,1.851110527777778,1.9959211388888891
402.0,3.9152,-1.2999,1.850749388888889,1.9959211388888891
403.0,3.9148,-1.3001,1.8503883055555557,1.9959211388888891
404.0,3.9147,-1.3001,1.8500271666666668,1.9959211388888891
405.0,3.9145,-1.3,1.8496660277777779,1.9959211388888891
406.0,3.9143,-1.3001,1.8493049166666669,1.9959211388888891
407.0,3.9142,-1.3,1.848943777777778,1.9959211388888891
408.0,3.9138,-1.3,1.848582666666667,1.9959211388888891
409.0,3.9136,-1.3001,1.8482215555555557,1.9959211388888891
410.0,3.9135,-1.3,1.8478604166666668,1.9959211388888891
411.0,3.9132,-1.3,1.8474993055555557,1.9959211388888891
412.0,3.9131,-1.3,1.8471381944444447,1.9959211388888891
413.0,3.9129,-1.3,1.8467770833333335,1.9959211388888891
414.0,3.9127,-1.3001,1.8464159722222224,1.9959211388888891
415.0,3.9125,-1.3,1.8460548333333335,1.9959211388888891
416.0,3.9123,-1.3,1.8456937222222225,1.9959211388888891
417.0,3.9119,-1.3001,1.8453326111111112,1.9959211388888891
418.0,3.9117,-1.3001,1.8449714722222224,1.9959211388888891
419.0,3.9116,-1.3,1.8446103333333335,1.9959211388888891
420.0,3.9114,-1.3,1.8442492222222224,1.9959211388888891
421.0,3.9112,-1.3001,1.8438881111111114,1.9959211388888891
422.0,3.9111,-1.3,1.8435269722222225,1.9959211388888891
423.0,3.9107,-1.3001,1.8431658611111112,1.9959211388888891
424.0,3.9106,-1.3,1.8428047222222224,1.9959211388888891
425.0,3.9102,-1.3,1.8424436111111113,1.9959211388888891
426.0,3.9103,-1.3,1.8420825,1.9959211388888891
427.0,3.9102,-1.3001,1.841721388888889,1.9959211388888891
428.0,3.9099,-1.3001,1.8413602500000001,1.9959211388888891
429.0,3.9097,-1.3001,1.8409991111111113,1.9959211388888891
430.0,3.9095,-1.3,1.8406379722222224,1.9959211388888891
431.0,3.9091,-1.3001,1.8402768611111113,1.9959211388888891
432.0,3.909,-1.3,1.8399157222222224,1.9959211388888891
433.0,3.9085,-1.3001,1.8395546111111112,1.9959211388888891
434.0,3.9085,-1.3001,1.8391934722222225,1.9959211388888891
435.0,3.9084,-1.3001,1.8388323333333334,1.9959211388888891
436.0,3.9084,-1.3001,1.8384711944444447,1.9959211388888891
437.0,3.9082,-1.3002,1.8381100555555556,1.9959211388888891
438.0,3.9075,-1.3,1.837748888888889,1.9959211388888891
439.0,3.9076,-1.3001,1.8373877777777778,1.9959211388888891
440.0,3.9075,-1.3001,1.8370266388888892,1.9959211388888891
441.0,3.9073,-1.3001,1.8366655,1.9959211388888891
442.0,3.907,-1.3001,1.8363043611111114,1.9959211388888891
443.0,3.9066,-1.2999,1.8359432222222223,1.9959211388888891
444.0,3.9064,-1.3,1.835582138888889,1.9959211388888891
445.0,3.9064,-1.3,1.835221027777778,1.9959211388888891
446.0,3.9063,-1.3,1.8348599166666668,1.9959211388888891
447.0,3.9058,-1.3001,1.8344988055555558,1.9959211388888891
448.0,3.9057,-1.3,1.8341376666666669,1.9959211388888891
449.0,3.9055,-1.3001,1.8337765555555556,1.9959211388888891
450.0,3.9053,-1.3001,1.833415416666667,1.9959211388888891
451.0,3.9053,-1.3,1.8330542777777779,1.9959211388888891
452.0,3.9049,-1.3,1.8326931666666668,1.9959211388888891
453.0,3.9046,-1.3,1.8323320555555558,1.9959211388888891
454.0,3.9047,-1.3001,1.8319709444444445,1.9959211388888891
455.0,3.9043,-1.3002,1.8316098055555556,1.9959211388888891
456.0,3.904,-1.3001,1.8312486388888891,1.9959211388888891
457.0,3.9038,-1.3,1.8308875000000002,1.9959211388888891
458.0,3.9036,-1.3,1.830526388888889,1.9959211388888891
459.0,3.9037,-1.3002,1.830165277777778,1.9959211388888891
460.0,3.9033,-1.3001,1.8298041111111112,1.9959211388888891
461.0,3.9029,-1.3002,1.8294429722222223,1.9959211388888891
462.0,3.903,-1.3,1.8290818055555558,1.9959211388888891
463.0,3.9028,-1.3001,1.8287206944444445,1.9959211388888891
464.0,3.9025,-1.3002,1.8283595555555556,1.9959211388888891
465.0,3.9022,-1.3,1.827998388888889,1.9959211388888891
466.0,3.9021,-1.3001,1.8276372777777778,1.9959211388888891
467.0,3.9021,-1.3,1.8272761388888892,1.9959211388888891
468.0,3.9019,-1.3002,1.826915027777778,1.9959211388888891
469.0,3.9015,-1.3001,1.8265538611111114,1.9959211388888891
470.0,3.9014,-1.3001,1.8261927222222223,1.9959211388888891
471.0,3.9012,-1.3,1.8258315833333336,1.9959211388888891
472.0,3.9009,-1.3,1.8254704722222224,1.9959211388888891
473.0,3.9009,-1.3001,1.8251093611111113,1.9959211388888891
474.0,3.9006,-1.3001,1.8247482222222224,1.9959211388888891
475.0,3.9004,-1.3,1.8243870833333335,1.9959211388888891
476.0,3.9002,-1.3001,1.8240259722222225,1.9959211388888891
477.0,3.8999,-1.3001,1.8236648333333334,1.9959211388888891
478.0,3.8998,-1.3001,1.8233036944444447,1.9959211388888891
479.0,3.8995,-1.3001,1.8229425555555556,1.9959211388888891
480.0,3.8993,-1.3001,1.8225814166666667,1.9959211388888891
481.0,3.899,-1.3,1.8222202777777778,1.9959211388888891
482.0,3.899,-1.3,1.8218591666666668,1.9959211388888891
483.0,3.8988,-1.3001,1.8214980555555558,1.9959211388888891
484.0,3.8987,-1.3001,1.8211369166666669,1.9959211388888891
485.0,3.8983,-1.3,1.820775777777778,1.9959211388888891
486.0,3.8982,-1.3,1.8204146666666667,1.9959211388888891
487.0,3.8981,-1.3,1.8200535555555557,1.9959211388888891
488.0,3.8978,-1.3001,1.8196924444444447,1.9959211388888891
489.0,3.8976,-1.3001,1.8193313055555558,1.9959211388888891
490.0,3.8973,-1.3,1.8189701666666669,1.9959211388888891
491.0,3.8972,-1.3001,1.8186090555555556,1.9959211388888891
492.0,3.8967,-1.2999,1.8182479166666667,1.9959211388888891
493.0,3.8967,-1.3001,1.8178868333333336,1.9959211388888891
494.0,3.8964,-1.3,1.8175256944444447,1.9959211388888891
495.0,3.8963,-1.3,1.8171645833333334,1.9959211388888891
496.0,3.8958,-1.3001,1.8168034722222224,1.9959211388888891
497.0,3.8959,-1.3001,1.8164423333333335,1.9959211388888891
498.0,3.8957,-1.3001,1.8160811944444446,1.9959211388888891
499.0,3.8956,-1.3,1.8157200555555557,1.9959211388888891
500.0,3.8954,-1.3001,1.8153589444444447,1.9959211388888891
501.0,3.8953,-1.3,1.8149978055555558,1.9959211388888891
502.0,3.8949,-1.3001,1.8146366944444445,1.9959211388888891
503.0,3.8949,-1.3001,1.8142755555555556,1.9959211388888891
504.0,3.8948,-1.3001,1.8139144166666668,1.9959211388888891
505.0,3.8944,-1.3001,1.8135532777777779,1.9959211388888891
506.0,3.8944,-1.3001,1.813192138888889,1.9959211388888891
507.0,3.8939,-1.3001,1.812831,1.9959211388888891
508.0,3.8938,-1.3,1.8124698611111112,1.9959211388888891
509.0,3.8934,-1.3001,1.8121087500000002,1.9959211388888891
510.0,3.8932,-1.3001,1.8117476111111113,1.9959211388888891
511.0,3.8932,-1.3,1.8113864722222224,1.9959211388888891
512.0,3.8931,-1.3001,1.8110253611111113,1.9959211388888891
513.0,3.8928,-1.3001,1.8106642222222225,1.9959211388888891
514.0,3.8925,-1.3,1.8103030833333336,1.9959211388888891
515.0,3.8923,-1.3001,1.8099419722222223,1.9959211388888891
516.0,3.8921,-1.3001,1.8095808333333334,1.9959211388888891
517.0,3.8921,-1.2999,1.8092196944444445,1.9959211388888891
518.0,3.8918,-1.3,1.8088586111111113,1.9959211388888891
519.0,3.8917,-1.3001,1.8084975,1.9959211388888891
520.0,3.8913,-1.3,1.8081363611111112,1.9959211388888891
521.0,3.8911,-1.3001,1.8077752500000002,1.9959211388888891
522.0,3.8908,-1.3,1.8074141111111113,1.9959211388888891
523.0,3.8907,-1.3,1.8070530000000002,1.9959211388888891
524.0,3.8906,-1.3001,1.806691888888889,1.9959211388888891
525.0,3.8904,-1.3001,1.80633075,1.9959211388888891
526.0,3.8902,-1.3001,1.8059696111111112,1.9959211388888891
527.0,3.8898,-1.3001,1.8056084722222223,1.9959211388888891
528.0,3.8898,-1.3001,1.8052473333333334,1.9959211388888891
529.0,3.8897,-1.3001,1.8048861944444445,1.9959211388888891
530.0,3.8893,-1.3,1.8045250555555556,1.9959211388888891
531.0,3.8891,-1.3001,1.8041639444444446,1.9959211388888891
532.0,3.8891,-1.3001,1.8038028055555557,1.9959211388888891
533.0,3.8887,-1.3001,1.8034416666666668,1.9959211388888891
534.0,3.8885,-1.3,1.803080527777778,1.9959211388888891
535.0,3.8883,-1.3001,1.802719416666667,1.9959211388888891
536.0,3.8881,-1.3001,1.802358277777778,1.9959211388888891
537.0,3.888,-1.3001,1.8019971388888891,1.9959211388888891
538.0,3.8878,-1.3001,1.8016360000000002,1.9959211388888891
539.0,3.8874,-1.3,1.8012748611111113,1.9959211388888891
540.0,3.8873,-1.3001,1.80091375,1.9959211388888891
541.0,3.8872,-1.3,1.8005526111111112,1.9959211388888891
542.0,3.887,-1.3001,1.8001915000000002,1.9959211388888891
543.0,3.8866,-1.3001,1.7998303611111113,1.9959211388888891
544.0,3.8865,-1.3,1.7994692222222224,1.9959211388888891
545.0,3.8864,-1.3001,1.7991081111111114,1.9959211388888891
546.0,3.886,-1.3001,1.7987469722222225,1.9959211388888891
547.0,3.886,-1.3,1.7983858333333336,1.9959211388888891
548.0,3.8859,-1.3,1.7980247222222223,1.9959211388888891
549.0,3.8856,-1.3001,1.7976636111111113,1.9959211388888891
550.0,3.8853,-1.3,1.7973024722222224,1.9959211388888891
551.0,3.8851,-1.3001,1.7969413611111114,1.9959211388888891
552.0,3.8849,-1.3001,1.7965802222222225,1.9959211388888891
553.0,3.8847,-1.3,1.7962190833333336,1.9959211388888891
554.0,3.8845,-1.3,1.7958579722222225,1.9959211388888891
555.0,3.8843,-1.3,1.7954968611111113,1.9959211388888891
556.0,3.8841,-1.3,1.7951357500000003,1.9959211388888891
557.0,3.8839,-1.3,1.7947746388888892,1.9959211388888891
558.0,3.8838,-1.3,1.794413527777778,1.9959211388888891
559.0,3.8838,-1.3,1.794052416666667,1.9959211388888891
560.0,3.8832,-1.3,1.7936913055555557,1.9959211388888891
561.0,3.883,-1.3001,1.7933301944444446,1.9959211388888891
562.0,3.8829,-1.3001,1.7929690555555557,1.9959211388888891
563.0,3.8827,-1.3,1.7926079166666669,1.9959211388888891
564.0,3.8824,-1.3,1.7922468055555558,1.9959211388888891
565.0,3.8823,-1.3,1.7918856944444446,1.9959211388888891
566.0,3.8822,-1.3002,1.7915245833333335,1.9959211388888891
567.0,3.882,-1.3001,1.7911634166666668,1.9959211388888891
568.0,3.8818,-1.3001,1.790802277777778,1.9959211388888891
569.0,3.8817,-1.3001,1.7904411388888892,1.9959211388888891
570.0,3.8811,-1.3001,1.7900800000000001,1.9959211388888891
571.0,3.8811,-1.3001,1.7897188611111114,1.9959211388888891
572.0,3.8809,-1.3001,1.7893577222222223,1.9959211388888891
573.0,3.8807,-1.3,1.7889965833333337,1.9959211388888891
574.0,3.8804,-1.3,1.7886354722222224,1.9959211388888891
575.0,3.8802,-1.3,1.7882743611111114,1.9959211388888891
576.0,3.8803,-1.3,1.7879132500000001,1.9959211388888891
577.0,3.8799,-1.3001,1.787552138888889,1.9959211388888891
578.0,3.8796,-1.2999,1.7871910000000002,1.9959211388888891
579.0,3.8797,-1.3,1.7868299166666668,1.9959211388888891
580.0,3.8792,-1.3002,1.7864688055555558,1.9959211388888891
581.0,3.879,-1.3,1.786107638888889,1.9959211388888891
582.0,3.8788,-1.2999,1.785746527777778,1.9959211388888891
583.0,3.8786,-1.3,1.7853854444444446,1.9959211388888891
584.0,3.8785,-1.2999,1.7850243333333335,1.9959211388888891
585.0,3.8784,-1.3001,1.7846632500000001,1.9959211388888891
586.0,3.878,-1.3,1.7843021111111113,1.9959211388888891
587.0,3.8779,-1.3,1.7839410000000002,1.9959211388888891
588.0,3.8778,-1.3,1.7835798888888892,1.9959211388888891
589.0,3.8774,-1.3001,1.783218777777778,1.9959211388888891
590.0,3.8773,-1.3001,1.782857638888889,1.9959211388888891
591.0,3.8769,-1.3001,1.7824965000000002,1.9959211388888891
592.0,3.8767,-1.3001,1.7821353611111113,1.9959211388888891
593.0,3.8766,-1.3,1.7817742222222224,1.9959211388888891
594.0,3.8765,-1.3,1.7814131111111113,1.9959211388888891
595.0,3.8763,-1.3,1.7810520000000003,1.9959211388888891
596.0,3.8762,-1.3001,1.780690888888889,1.9959211388888891
597.0,3.8758,-1.3,1.7803297500000002,1.9959211388888891
598.0,3.8756,-1.2999,1.7799686388888891,1.9959211388888891
599.0,3.8755,-1.3,1.7796075555555557,1.9959211388888891
600.0,3.8753,-1.3001,1.7792464444444447,1.9959211388888891
601.0,3.8753,-1.3,1.7788853055555558,1.9959211388888891
602.0,3.8749,-1.3001,1.7785241944444445,1.9959211388888891
603.0,3.8744,-1.3,1.7781630555555559,1.9959211388888891
604.0,3.8745,-1.3001,1.7778019444444446,1.9959211388888891
605.0,3.8742,-1.3001,1.7774408055555557,1.9959211388888891
606.0,3.8742,-1.3001,1.7770796666666668,1.9959211388888891
607.0,3.8737,-1.3,1.776718527777778,1.9959211388888891
608.0,3.8737,-1.3002,1.776357416666667,1.9959211388888891
609.0,3.8734,-1.3,1.7759962500000002,1.9959211388888891
610.0,3.8734,-1.3001,1.7756351388888891,1.9959211388888891
611.0,3.8733,-1.3002,1.7752740000000002,1.9959211388888891
612.0,3.8729,-1.3001,1.7749128333333335,1.9959211388888891
613.0,3.8728,-1.3001,1.7745516944444446,1.9959211388888891
614.0,3.8726,-1.3001,1.7741905555555557,1.9959211388888891
615.0,3.8724,-1.3002,1.7738294166666668,1.9959211388888891
616.0,3.8722,-1.3,1.77346825,1.9959211388888891
617.0,3.8718,-1.3,1.773107138888889,1.9959211388888891
618.0,3.8718,-1.3001,1.772746027777778,1.9959211388888891
619.0,3.8714,-1.2999,1.7723848888888891,1.9959211388888891
620.0,3.8713,-1.3001,1.7720238055555557,1.9959211388888891
621.0,3.8713,-1.3001,1.7716626666666668,1.9959211388888891
622.0,3.8708,-1.3001,1.771301527777778,1.9959211388888891
623.0,3.8705,-1.3,1.770940388888889,1.9959211388888891
624.0,3.8704,-1.3,1.770579277777778,1.9959211388888891
625.0,3.8703,-1.3001,1.770218166666667,1.9959211388888891
626.0,3.8699,-1.3002,1.7698570277777779,1.9959211388888891
627.0,3.8699,-1.3,1.7694958611111113,1.9959211388888891
628.0,3.8698,-1.3,1.76913475,1.9959211388888891
629.0,3.8696,-1.3001,1.768773638888889,1.9959211388888891
630.0,3.8694,-1.3001,1.7684125000000002,1.9959211388888891
631.0,3.869,-1.3,1.7680513611111113,1.9959211388888891
632.0,3.8689,-1.3002,1.7676902500000002,1.9959211388888891
633.0,3.8687,-1.3001,1.7673290833333335,1.9959211388888891
634.0,3.8686,-1.3001,1.7669679444444446,1.9959211388888891
635.0,3.8682,-1.3001,1.7666068055555557,1.9959211388888891
636.0,3.8679,-1.3001,1.7662456666666668,1.9959211388888891
637.0,3.8678,-1.3001,1.765884527777778,1.9959211388888891
638.0,3.8678,-1.3,1.765523388888889,1.9959211388888891
639.0,3.8673,-1.3001,1.765162277777778,1.9959211388888891
640.0,3.8672,-1.3001,1.7648011388888891,1.9959211388888891
641.0,3.8672,-1.3001,1.7644400000000002,1.9959211388888891
642.0,3.8669,-1.3,1.7640788611111113,1.9959211388888891
643.0,3.8666,-1.3001,1.76371775,1.9959211388888891
644.0,3.8665,-1.3,1.7633566111111114,1.9959211388888891
645.0,3.8664,-1.3001,1.7629955000000002,1.9959211388888891
646.0,3.8663,-1.3,1.7626343611111113,1.9959211388888891
647.0,3.866,-1.3,1.7622732500000002,1.9959211388888891
648.0,3.8656,-1.3,1.761912138888889,1.9959211388888891
649.0,3.8655,-1.3001,1.761551027777778,1.9959211388888891
650.0,3.8654,-1.3,1.761189888888889,1.9959211388888891
651.0,3.865,-1.3001,1.760828777777778,1.9959211388888891
652.0,3.865,-1.3001,1.7604676388888891,1.9959211388888891
653.0,3.8648,-1.3001,1.7601065000000002,1.9959211388888891
654.0,3.8645,-1.3,1.7597453611111114,1.9959211388888891
655.0,3.8643,-1.3001,1.75938425,1.9959211388888891
656.0,3.8641,-1.3,1.7590231111111114,1.9959211388888891
657.0,3.8638,-1.3,1.7586620000000002,1.9959211388888891
658.0,3.8636,-1.3001,1.7583008888888891,1.9959211388888891
659.0,3.8635,-1.3,1.7579397500000002,1.9959211388888891
660.0,3.8633,-1.3001,1.757578638888889,1.9959211388888891
661.0,3.8632,-1.3,1.7572175,1.9959211388888891
662.0,3.863,-1.3001,1.756856388888889,1.9959211388888891
663.0,3.8628,-1.3001,1.7564952500000002,1.9959211388888891
664.0,3.8625,-1.3,1.7561341111111113,1.9959211388888891
665.0,3.8624,-1.3002,1.7557730000000003,1.9959211388888891
666.0,3.862,-1.3001,1.7554118333333335,1.9959211388888891
667.0,3.8619,-1.3,1.7550506944444446,1.9959211388888891
668.0,3.8616,-1.3002,1.7546895833333336,1.9959211388888891
669.0,3.8613,-1.3,1.7543284166666668,1.9959211388888891
670.0,3.8613,-1.2999,1.7539673055555558,1.9959211388888891
671.0,3.861,-1.3001,1.7536062222222224,1.9959211388888891
672.0,3.861,-1.3,1.7532450833333335,1.9959211388888891
673.0,3.8606,-1.3,1.7528839722222225,1.9959211388888891
674.0,3.8603,-1.3,1.7525228611111112,1.9959211388888891
675.0,3.8605,-1.3001,1.7521617500000002,1.9959211388888891
676.0,3.8602,-1.3,1.7518006111111113,1.9959211388888891
677.0,3.8599,-1.2999,1.7514395000000003,1.9959211388888891
678.0,3.8599,-1.3,1.7510784166666669,1.9959211388888891
679.0,3.8596,-1.3,1.7507173055555558,1.9959211388888891
680.0,3.8591,-1.3,1.7503561944444446,1.9959211388888891
681.0,3.8589,-1.3002,1.7499950833333335,1.9959211388888891
682.0,3.8589,-1.3001,1.7496339166666668,1.9959211388888891
683.0,3.8588,-1.3001,1.749272777777778,1.9959211388888891
684.0,3.8585,-1.3,1.748911638888889,1.9959211388888891
685.0,3.8582,-1.3,1.748550527777778,1.9959211388888891
686.0,3.8583,-1.3,1.748189416666667,1.9959211388888891
687.0,3.8578,-1.3001,1.7478283055555557,1.9959211388888891
688.0,3.8576,-1.3001,1.7474671666666668,1.9959211388888891
689.0,3.8574,-1.3,1.747106027777778,1.9959211388888891
690.0,3.8574,-1.3,1.7467449166666669,1.9959211388888891
691.0,3.8569,-1.3,1.7463838055555558,1.9959211388888891
692.0,3.8568,-1.3001,1.7460226944444446,1.9959211388888891
693.0,3.8567,-1.3,1.7456615555555557,1.9959211388888891
694.0,3.8564,-1.3,1.7453004444444447,1.9959211388888891
695.0,3.8563,-1.3,1.7449393333333334,1.9959211388888891
696.0,3.8562,-1.3001,1.7445782222222224,1.9959211388888891
697.0,3.8559,-1.3001,1.7442170833333335,1.9959211388888891
698.0,3.8557,-1.3,1.7438559444444446,1.9959211388888891
699.0,3.8555,-1.3,1.7434948333333335,1.9959211388888891
700.0,3.8553,-1.3001,1.7431337222222223,1.9959211388888891
701.0,3.855,-1.3001,1.7427725833333336,1.9959211388888891
702.0,3.8549,-1.3,1.7424114444444445,1.9959211388888891
703.0,3.8546,-1.3,1.7420503333333335,1.9959211388888891
704.0,3.8545,-1.3001,1.7416892222222224,1.9959211388888891
705.0,3.8541,-1.3001,1.7413280833333336,1.9959211388888891
706.0,3.8541,-1.3001,1.7409669444444447,1.9959211388888891
707.0,3.8539,-1.3001,1.7406058055555558,1.9959211388888891
708.0,3.8537,-1.3001,1.7402446666666669,1.9959211388888891
709.0,3.8534,-1.3001,1.739883527777778,1.9959211388888891
710.0,3.8532,-1.3001,1.739522388888889,1.9959211388888891
711.0,3.8532,-1.3001,1.7391612500000002,1.9959211388888891
712.0,3.8526,-1.3001,1.7388001111111113,1.9959211388888891
713.0,3.8527,-1.3,1.7384389722222224,1.9959211388888891
714.0,3.8524,-1.3001,1.7380778611111114,1.9959211388888891
715.0,3.8523,-1.3001,1.7377167222222223,1.9959211388888891
716.0,3.852,-1.3001,1.7373555833333336,1.9959211388888891
717.0,3.8517,-1.3,1.7369944444444445,1.9959211388888891
718.0,3.8516,-1.3,1.7366333333333335,1.9959211388888891
719.0,3.8514,-1.3,1.7362722222222224,1.9959211388888891
720.0,3.8512,-1.3,1.7359111111111112,1.9959211388888891
721.0,3.8511,-1.3,1.7355500000000001,1.9959211388888891
722.0,3.8507,-1.3,1.7351888888888891,1.9959211388888891
723.0,3.8509,-1.3,1.7348277777777779,1.9959211388888891
724.0,3.8505,-1.3,1.7344666666666668,1.9959211388888891
725.0,3.8505,-1.3,1.7341055555555558,1.9959211388888891
726.0,3.8503,-1.2999,1.7337444444444445,1.9959211388888891
727.0,3.8501,-1.3001,1.7333833611111114,1.9959211388888891
728.0,3.8499,-1.3,1.7330222222222225,1.9959211388888891
729.0,3.8494,-1.3,1.7326611111111112,1.9959211388888891
730.0,3.8493,-1.3002,1.7323000000000002,1.9959211388888891
731.0,3.849,-1.3,1.7319388333333334,1.9959211388888891
732.0,3.849,-1.3,1.7315777222222224,1.9959211388888891
733.0,3.8488,-1.3001,1.7312166111111114,1.9959211388888891
734.0,3.8484,-1.3001,1.7308554722222225,1.9959211388888891
735.0,3.8484,-1.3,1.7304943333333336,1.9959211388888891
736.0,3.8479,-1.3001,1.7301332222222223,1.9959211388888891
737.0,3.8479,-1.3001,1.7297720833333334,1.9959211388888891
738.0,3.8475,-1.3001,1.7294109444444445,1.9959211388888891
739.0,3.8477,-1.3001,1.7290498055555557,1.9959211388888891
740.0,3.8473,-1.3,1.7286886666666668,1.9959211388888891
741.0,3.8471,-1.3,1.7283275555555557,1.9959211388888891
742.0,3.8469,-1.3001,1.7279664444444447,1.9959211388888891
743.0,3.8466,-1.3,1.7276053055555556,1.9959211388888891
744.0,3.8465,-1.3,1.7272441944444445,1.9959211388888891
745.0,3.8464,-1.3001,1.7268830833333335,1.9959211388888891
746.0,3.8463,-1.3001,1.7265219444444446,1.9959211388888891
747.0,3.8459,-1.3001,1.7261608055555557,1.9959211388888891
748.0,3.8458,-1.3,1.7257996666666668,1.9959211388888891
749.0,3.8455,-1.3001,1.7254385555555558,1.9959211388888891
750.0,3.8453,-1.3,1.7250774166666667,1.9959211388888891
751.0,3.8452,-1.3,1.7247163055555557,1.9959211388888891
752.0,3.8448,-1.3001,1.7243551944444446,1.9959211388888891
753.0,3.8446,-1.3,1.7239940555555557,1.9959211388888891
754.0,3.8446,-1.3001,1.7236329444444447,1.9959211388888891
755.0,3.8445,-1.3001,1.7232718055555556,1.9959211388888891
756.0,3.844,-1.3002,1.722910666666667,1.9959211388888891
757.0,3.8439,-1.2999,1.7225495000000002,1.9959211388888891
758.0,3.8438,-1.3001,1.7221884166666668,1.9959211388888891
759.0,3.8435,-1.3,1.7218272777777779,1.9959211388888891
760.0,3.8433,-1.3002,1.7214661666666669,1.9959211388888891
761.0,3.8431,-1.3,1.721105,1.9959211388888891
762.0,3.843,-1.3,1.720743888888889,1.9959211388888891
763.0,3.8425,-1.2999,1.720382777777778,1.9959211388888891
764.0,3.8424,-1.3001,1.7200216944444446,1.9959211388888891
765.0,3.8425,-1.3001,1.7196605555555557,1.9959211388888891
766.0,3.8421,-1.3,1.7192994166666669,1.9959211388888891
767.0,3.842,-1.3001,1.7189383055555556,1.9959211388888891
768.0,3.8417,-1.3001,1.718577166666667,1.9959211388888891
769.0,3.8415,-1.3001,1.7182160277777778,1.9959211388888891
770.0,3.8413,-1.2999,1.7178548888888892,1.9959211388888891
771.0,3.8412,-1.3001,1.7174938055555558,1.9959211388888891
772.0,3.8408,-1.3,1.7171326666666669,1.9959211388888891
773.0,3.8406,-1.3001,1.7167715555555558,1.9959211388888891
774.0,3.8406,-1.3,1.7164104166666667,1.9959211388888891
775.0,3.8403,-1.3,1.7160493055555557,1.9959211388888891
776.0,3.8401,-1.3001,1.7156881944444446,1.9959211388888891
777.0,3.84,-1.3001,1.7153270555555558,1.9959211388888891
778.0,3.8397,-1.3001,1.7149659166666669,1.9959211388888891
779.0,3.8395,-1.3001,1.714604777777778,1.9959211388888891
780.0,3.8395,-1.3,1.714243638888889,1.9959211388888891
781.0,3.8391,-1.3,1.7138825277777778,1.9959211388888891
782.0,3.8389,-1.3,1.7135214166666668,1.9959211388888891
783.0,3.8386,-1.3001,1.7131603055555558,1.9959211388888891
784.0,3.8385,-1.3001,1.7127991666666669,1.9959211388888891
785.0,3.8386,-1.3001,1.712438027777778,1.9959211388888891
786.0,3.8383,-1.3001,1.712076888888889,1.9959211388888891
787.0,3.8378,-1.3001,1.7117157500000002,1.9959211388888891
788.0,3.8377,-1.3,1.7113546111111113,1.9959211388888891
789.0,3.8375,-1.3001,1.7109935000000003,1.9959211388888891
790.0,3.8374,-1.3,1.7106323611111112,1.9959211388888891
791.0,3.8372,-1.3001,1.7102712500000001,1.9959211388888891
792.0,3.837,-1.3,1.7099101111111112,1.9959211388888891
793.0,3.8366,-1.3001,1.7095490000000002,1.9959211388888891
794.0,3.8365,-1.3,1.7091878611111113,1.9959211388888891
795.0,3.8364,-1.2999,1.70882675,1.9959211388888891
796.0,3.8363,-1.3,1.7084656666666669,1.9959211388888891
797.0,3.836,-1.3001,1.7081045555555558,1.9959211388888891
798.0,3.8357,-1.3001,1.7077434166666667,1.9959211388888891
799.0,3.8355,-1.3001,1.707382277777778,1.9959211388888891
800.0,3.8352,-1.3,1.707021138888889,1.9959211388888891
801.0,3.8354,-1.3,1.706660027777778,1.9959211388888891
802.0,3.8352,-1.3,1.7062989166666669,1.9959211388888891
803.0,3.8349,-1.3,1.7059378055555556,1.9959211388888891
804.0,3.8348,-1.3,1.7055766944444446,1.9959211388888891
805.0,3.8343,-1.3002,1.7052155833333336,1.9959211388888891
806.0,3.8342,-1.3,1.7048544166666668,1.9959211388888891
807.0,3.834,-1.3,1.7044933055555558,1.9959211388888891
808.0,3.8338,-1.3,1.7041321944444445,1.9959211388888891
809.0,3.8334,-1.2999,1.7037710833333335,1.9959211388888891
810.0,3.8334,-1.3001,1.70341,1.9959211388888891
811.0,3.8333,-1.3001,1.7030488611111112,1.9959211388888891
812.0,3.833,-1.3,1.7026877222222223,1.9959211388888891
813.0,3.8326,-1.3,1.7023266111111113,1.9959211388888891
814.0,3.8326,-1.3001,1.7019655,1.9959211388888891
815.0,3.8323,-1.3001,1.7016043611111114,1.9959211388888891
816.0,3.832,-1.3001,1.7012432222222225,1.9959211388888891
817.0,3.8322,-1.3001,1.7008820833333336,1.9959211388888891
818.0,3.8318,-1.3001,1.7005209444444447,1.9959211388888891
819.0,3.8316,-1.3,1.7001598055555558,1.9959211388888891
820.0,3.8314,-1.2999,1.6997986944444445,1.9959211388888891
821.0,3.8312,-1.3001,1.6994376111111111,1.9959211388888891
822.0,3.831,-1.3,1.6990764722222225,1.9959211388888891
823.0,3.831,-1.3001,1.6987153611111112,1.9959211388888891
824.0,3.8308,-1.3001,1.6983542222222225,1.9959211388888891
825.0,3.8305,-1.3,1.6979930833333334,1.9959211388888891
826.0,3.8301,-1.3,1.6976319722222224,1.9959211388888891
827.0,3.83,-1.3002,1.6972708611111114,1.9959211388888891
828.0,3.8298,-1.3,1.6969096944444446,1.9959211388888891
829.0,3.8297,-1.2999,1.6965485833333336,1.9959211388888891
830.0,3.8295,-1.3001,1.6961875000000002,1.9959211388888891
831.0,3.8293,-1.2999,1.6958263611111113,1.9959211388888891
832.0,3.8292,-1.3,1.6954652777777781,1.9959211388888891
833.0,3.8287,-1.3001,1.6951041666666669,1.9959211388888891
834.0,3.8287,-1.3001,1.694743027777778,1.9959211388888891
835.0,3.8285,-1.3,1.694381888888889,1.9959211388888891
836.0,3.8283,-1.3,1.6940207777777778,1.9959211388888891
837.0,3.828,-1.3,1.6936596666666668,1.9959211388888891
838.0,3.828,-1.3001,1.6932985555555558,1.9959211388888891
839.0,3.8278,-1.3,1.6929374166666669,1.9959211388888891
840.0,3.8276,-1.3001,1.6925763055555558,1.9959211388888891
841.0,3.8273,-1.3001,1.6922151666666667,1.9959211388888891
842.0,3.8269,-1.3001,1.691854027777778,1.9959211388888891
843.0,3.827,-1.3001,1.691492888888889,1.9959211388888891
844.0,3.8267,-1.3,1.6911317500000003,1.9959211388888891
845.0,3.8264,-1.3,1.690770638888889,1.9959211388888891
846.0,3.8263,-1.3,1.690409527777778,1.9959211388888891
847.0,3.8261,-1.3,1.690048416666667,1.9959211388888891
848.0,3.8258,-1.2999,1.6896873055555557,1.9959211388888891
849.0,3.8258,-1.3001,1.6893262222222223,1.9959211388888891
850.0,3.8255,-1.3,1.6889650833333336,1.9959211388888891
851.0,3.8253,-1.3,1.6886039722222224,1.9959211388888891
852.0,3.8249,-1.3001,1.6882428611111113,1.9959211388888891
853.0,3.8248,-1.3001,1.6878817222222224,1.9959211388888891
854.0,3.825,-1.3001,1.6875205833333335,1.9959211388888891
855.0,3.8245,-1.3,1.6871594444444447,1.9959211388888891
856.0,3.8244,-1.3,1.6867983333333334,1.9959211388888891
857.0,3.8242,-1.3001,1.6864372222222224,1.9959211388888891
858.0,3.8238,-1.3001,1.6860760833333335,1.9959211388888891
859.0,3.8238,-1.3001,1.6857149444444446,1.9959211388888891
860.0,3.8236,-1.3,1.6853538055555557,1.9959211388888891
861.0,3.8233,-1.3,1.6849926944444447,1.9959211388888891
862.0,3.8232,-1.3,1.6846315833333336,1.9959211388888891
863.0,3.823,-1.3,1.6842704722222224,1.9959211388888891
864.0,3.8227,-1.2999,1.6839093611111111,1.9959211388888891
865.0,3.8226,-1.3,1.683548277777778,1.9959211388888891
866.0,3.8224,-1.2999,1.683187166666667,1.9959211388888891
867.0,3.822,-1.3001,1.6828260833333335,1.9959211388888891
868.0,3.8221,-1.3001,1.6824649444444446,1.9959211388888891
869.0,3.8215,-1.3,1.6821038055555557,1.9959211388888891
870.0,3.8213,-1.3,1.6817426944444445,1.9959211388888891
871.0,3.8214,-1.3001,1.6813815833333334,1.9959211388888891
872.0,3.8211,-1.2999,1.6810204444444445,1.9959211388888891
873.0,3.821,-1.3001,1.6806593611111111,1.9959211388888891
874.0,3.8209,-1.3,1.6802982222222225,1.9959211388888891
875.0,3.8206,-1.2999,1.6799371111111112,1.9959211388888891
876.0,3.8203,-1.3001,1.6795760277777778,1.9959211388888891
877.0,3.8203,-1.3001,1.6792148888888891,1.9959211388888891
878.0,3.82,-1.3,1.67885375,1.9959211388888891
879.0,3.82,-1.3,1.678492638888889,1.9959211388888891
880.0,3.8195,-1.3001,1.678131527777778,1.9959211388888891
881.0,3.8194,-1.3,1.677770388888889,1.9959211388888891
882.0,3.819,-1.3,1.677409277777778,1.9959211388888891
883.0,3.8189,-1.3001,1.6770481666666668,1.9959211388888891
884.0,3.8189,-1.3,1.676687027777778,1.9959211388888891
885.0,3.8187,-1.3001,1.6763259166666669,1.9959211388888891
886.0,3.8184,-1.3001,1.675964777777778,1.9959211388888891
887.0,3.8181,-1.3,1.675603638888889,1.9959211388888891
888.0,3.8182,-1.3,1.6752425277777778,1.9959211388888891
889.0,3.8177,-1.3,1.6748814166666668,1.9959211388888891
890.0,3.8175,-1.3001,1.6745203055555558,1.9959211388888891
891.0,3.8175,-1.3001,1.6741591666666669,1.9959211388888891
892.0,3.8173,-1.3,1.673798027777778,1.9959211388888891
893.0,3.817,-1.3001,1.6734369166666667,1.9959211388888891
894.0,3.8169,-1.3,1.673075777777778,1.9959211388888891
895.0,3.8165,-1.3,1.6727146666666668,1.9959211388888891
896.0,3.8164,-1.3001,1.6723535555555555,1.9959211388888891
897.0,3.8162,-1.3001,1.6719924166666669,1.9959211388888891
898.0,3.8161,-1.3,1.6716312777777778,1.9959211388888891
899.0,3.8157,-1.3,1.6712701666666667,1.9959211388888891
900.0,3.8157,-1.3,1.6709090555555557,1.9959211388888891
901.0,3.8153,-1.3001,1.6705479444444444,1.9959211388888891
902.0,3.8154,-1.3001,1.6701868055555558,1.9959211388888891
903.0,3.8151,-1.3,1.6698256666666667,1.9959211388888891
904.0,3.8148,-1.3001,1.6694645555555556,1.9959211388888891
905.0,3.8147,-1.3,1.6691034166666667,1.9959211388888891
906.0,3.8146,-1.3002,1.6687423055555557,1.9959211388888891
907.0,3.8143,-1.3,1.668381138888889,1.9959211388888891
908.0,3.8141,-1.3001,1.668020027777778,1.9959211388888891
909.0,3.8138,-1.3,1.667658888888889,1.9959211388888891
910.0,3.8137,-1.3001,1.6672977777777778,1.9959211388888891
911.0,3.8135,-1.3,1.666936638888889,1.9959211388888891
912.0,3.8136,-1.3,1.6665755277777778,1.9959211388888891
913.0,3.8132,-1.3,1.6662144166666668,1.9959211388888891
914.0,3.8129,-1.3,1.6658533055555558,1.9959211388888891
915.0,3.8126,-1.3,1.6654921944444445,1.9959211388888891
916.0,3.8125,-1.3,1.6651310833333335,1.9959211388888891
917.0,3.8123,-1.3,1.6647699722222224,1.9959211388888891
918.0,3.8118,-1.3,1.6644088611111112,1.9959211388888891
919.0,3.812,-1.3,1.6640477500000002,1.9959211388888891
920.0,3.8117,-1.3,1.6636866388888891,1.9959211388888891
921.0,3.8114,-1.3001,1.6633255277777779,1.9959211388888891
922.0,3.8115,-1.3001,1.662964388888889,1.9959211388888891
923.0,3.811,-1.3,1.66260325,1.9959211388888891
924.0,3.8109,-1.2999,1.662242138888889,1.9959211388888891
925.0,3.8107,-1.3001,1.6618810555555557,1.9959211388888891
926.0,3.8106,-1.3,1.6615199166666668,1.9959211388888891
927.0,3.8104,-1.3001,1.6611588055555557,1.9959211388888891
928.0,3.8102,-1.3002,1.6607976666666668,1.9959211388888891
929.0,3.8098,-1.3,1.6604365,1.9959211388888891
930.0,3.8097,-1.3,1.660075388888889,1.9959211388888891
931.0,3.8097,-1.2999,1.6597142777777778,1.9959211388888891
932.0,3.8095,-1.3,1.6593531944444446,1.9959211388888891
933.0,3.8093,-1.2999,1.6589920833333336,1.9959211388888891
934.0,3.8089,-1.3,1.6586310000000002,1.9959211388888891
935.0,3.8088,-1.3,1.658269888888889,1.9959211388888891
936.0,3.8085,-1.3001,1.657908777777778,1.9959211388888891
937.0,3.8083,-1.3,1.657547638888889,1.9959211388888891
938.0,3.8082,-1.3,1.657186527777778,1.9959211388888891
939.0,3.8081,-1.3,1.656825416666667,1.9959211388888891
940.0,3.8078,-1.3,1.6564643055555557,1.9959211388888891
941.0,3.8077,-1.3,1.6561031944444446,1.9959211388888891
942.0,3.8074,-1.3,1.6557420833333334,1.9959211388888891
943.0,3.8073,-1.3,1.6553809722222224,1.9959211388888891
944.0,3.807,-1.3001,1.655019861111111,1.9959211388888891
945.0,3.8068,-1.3,1.6546587222222224,1.9959211388888891
946.0,3.8066,-1.3001,1.6542976111111112,1.9959211388888891
947.0,3.8064,-1.3001,1.6539364722222223,1.9959211388888891
948.0,3.8062,-1.3,1.6535753333333334,1.9959211388888891
949.0,3.8062,-1.3,1.6532142222222224,1.9959211388888891
950.0,3.8058,-1.3,1.6528531111111113,1.9959211388888891
951.0,3.8058,-1.3,1.652492,1.9959211388888891
952.0,3.8054,-1.3,1.652130888888889,1.9959211388888891
953.0,3.8054,-1.3,1.651769777777778,1.9959211388888891
954.0,3.8051,-1.3001,1.6514086666666667,1.9959211388888891
955.0,3.8048,-1.3001,1.6510475277777779,1.9959211388888891
956.0,3.8047,-1.3,1.650686388888889,1.9959211388888891
957.0,3.8045,-1.3001,1.650325277777778,1.9959211388888891
958.0,3.8044,-1.3,1.649964138888889,1.9959211388888891
959.0,3.8042,-1.3001,1.6496030277777778,1.9959211388888891
960.0,3.8038,-1.3,1.6492418888888891,1.9959211388888891
961.0,3.8037,-1.3,1.6488807777777779,1.9959211388888891
962.0,3.8036,-1.3001,1.6485196666666666,1.9959211388888891
963.0,3.8034,-1.3001,1.648158527777778,1.9959211388888891
964.0,3.8032,-1.3001,1.6477973888888888,1.9959211388888891
965.0,3.803,-1.3001,1.6474362500000002,1.9959211388888891
966.0,3.8028,-1.3,1.647075111111111,1.9959211388888891
967.0,3.8024,-1.3001,1.6467140000000002,1.9959211388888891
968.0,3.8023,-1.3001,1.6463528611111111,1.9959211388888891
969.0,3.8022,-1.3001,1.6459917222222225,1.9959211388888891
970.0,3.8021,-1.3,1.6456305833333333,1.9959211388888891
971.0,3.8018,-1.3,1.6452694722222223,1.9959211388888891
972.0,3.8016,-1.3001,1.6449083611111113,1.9959211388888891
973.0,3.8014,-1.3001,1.6445472222222222,1.9959211388888891
974.0,3.8012,-1.3,1.6441860833333335,1.9959211388888891
975.0,3.8011,-1.3001,1.6438249722222222,1.9959211388888891
976.0,3.8009,-1.3,1.6434638333333336,1.9959211388888891
977.0,3.8007,-1.3,1.6431027222222223,1.9959211388888891
978.0,3.8004,-1.3,1.6427416111111113,1.9959211388888891
979.0,3.8003,-1.3001,1.6423805000000002,1.9959211388888891
980.0,3.8,-1.3001,1.6420193611111111,1.9959211388888891
981.0,3.7998,-1.3,1.6416582222222225,1.9959211388888891
982.0,3.7996,-1.3,1.6412971111111112,1.9959211388888891
983.0,3.7994,-1.3,1.6409360000000002,1.9959211388888891
984.0,3.7991,-1.3001,1.6405748888888891,1.9959211388888891
985.0,3.799,-1.3001,1.64021375,1.9959211388888891
986.0,3.7987,-1.3,1.6398526111111114,1.9959211388888891
987.0,3.7985,-1.3001,1.6394915,1.9959211388888891
988.0,3.7984,-1.3001,1.6391303611111112,1.9959211388888891
989.0,3.7981,-1.3001,1.6387692222222223,1.9959211388888891
990.0,3.7982,-1.3,1.6384080833333334,1.9959211388888891
991.0,3.7977,-1.3001,1.6380469722222224,1.9959211388888891
992.0,3.7978,-1.2999,1.6376858333333333,1.9959211388888891
993.0,3.7974,-1.3001,1.63732475,1.9959211388888891
994.0,3.7971,-1.3,1.6369636111111112,1.9959211388888891
995.0,3.7972,-1.2999,1.6366025,1.9959211388888891
996.0,3.7968,-1.3,1.6362414166666668,1.9959211388888891
997.0,3.7968,-1.3,1.6358803055555557,1.9959211388888891
998.0,3.7965,-1.3001,1.6355191944444445,1.9959211388888891
999.0,3.7962,-1.3,1.6351580555555556,1.9959211388888891
1000.0,3.7959,-1.3001,1.6347969444444446,1.9959211388888891
1001.0,3.796,-1.3,1.6344358055555557,1.9959211388888891
1002.0,3.7955,-1.3001,1.6340746944444446,1.9959211388888891
1003.0,3.7957,-1.3001,1.6337135555555555,1.9959211388888891
1004.0,3.7952,-1.3,1.6333524166666669,1.9959211388888891
1005.0,3.7951,-1.3001,1.6329913055555556,1.9959211388888891
1006.0,3.795,-1.2999,1.6326301666666667,1.9959211388888891
1007.0,3.7947,-1.3001,1.6322690833333335,1.9959211388888891
1008.0,3.7945,-1.3001,1.6319079444444444,1.9959211388888891
1009.0,3.7942,-1.3001,1.6315468055555558,1.9959211388888891
1010.0,3.7943,-1.3001,1.6311856666666666,1.9959211388888891
1011.0,3.7942,-1.3001,1.630824527777778,1.9959211388888891
1012.0,3.794,-1.3001,1.6304633888888889,1.9959211388888891
1013.0,3.7937,-1.3,1.6301022500000002,1.9959211388888891
1014.0,3.7933,-1.3001,1.629741138888889,1.9959211388888891
1015.0,3.7932,-1.3001,1.6293800000000003,1.9959211388888891
1016.0,3.793,-1.3001,1.6290188611111112,1.9959211388888891
1017.0,3.7928,-1.3001,1.6286577222222223,1.9959211388888891
1018.0,3.7924,-1.3001,1.6282965833333334,1.9959211388888891
1019.0,3.7923,-1.3,1.6279354444444445,1.9959211388888891
1020.0,3.7923,-1.2999,1.6275743333333335,1.9959211388888891
1021.0,3.7922,-1.3,1.62721325,1.9959211388888891
1022.0,3.7919,-1.3001,1.626852138888889,1.9959211388888891
1023.0,3.7915,-1.3001,1.6264910000000001,1.9959211388888891
1024.0,3.7913,-1.3,1.6261298611111112,1.9959211388888891
1025.0,3.7912,-1.3001,1.6257687500000002,1.9959211388888891
1026.0,3.7911,-1.3001,1.625407611111111,1.9959211388888891
1027.0,3.7907,-1.3,1.6250464722222224,1.9959211388888891
1028.0,3.7907,-1.3001,1.6246853611111112,1.9959211388888891
1029.0,3.7905,-1.3001,1.6243242222222223,1.9959211388888891
1030.0,3.7902,-1.3001,1.6239630833333334,1.9959211388888891
1031.0,3.79,-1.3001,1.6236019444444445,1.9959211388888891
1032.0,3.7898,-1.3001,1.6232408055555556,1.9959211388888891
1033.0,3.7898,-1.3001,1.6228796666666667,1.9959211388888891
1034.0,3.7894,-1.3,1.6225185277777778,1.9959211388888891
1035.0,3.7895,-1.3001,1.6221574166666668,1.9959211388888891
1036.0,3.7892,-1.3001,1.621796277777778,1.9959211388888891
1037.0,3.7891,-1.3,1.621435138888889,1.9959211388888891
1038.0,3.7887,-1.3,1.621074027777778,1.9959211388888891
1039.0,3.7883,-1.3001,1.6207129166666667,1.9959211388888891
1040.0,3.7883,-1.3001,1.6203517777777778,1.9959211388888891
1041.0,3.7882,-1.3002,1.619990638888889,1.9959211388888891
1042.0,3.7879,-1.2999,1.6196294722222224,1.9959211388888891
1043.0,3.7879,-1.3,1.619268388888889,1.9959211388888891
1044.0,3.7874,-1.3,1.6189072777777778,1.9959211388888891
1045.0,3.7875,-1.3002,1.6185461666666667,1.9959211388888891
1046.0,3.7872,-1.3001,1.618185,1.9959211388888891
1047.0,3.7871,-1.3001,1.6178238611111113,1.9959211388888891
1048.0,3.787,-1.3001,1.6174627222222222,1.9959211388888891
1049.0,3.7867,-1.3001,1.6171015833333335,1.9959211388888891
1050.0,3.7866,-1.3,1.6167404444444444,1.9959211388888891
1051.0,3.7863,-1.3001,1.6163793333333334,1.9959211388888891
1052.0,3.7859,-1.3,1.6160181944444445,1.9959211388888891
1053.0,3.7858,-1.2999,1.6156570833333335,1.9959211388888891
1054.0,3.7858,-1.3001,1.615296,1.9959211388888891
1055.0,3.7855,-1.3001,1.6149348611111112,1.9959211388888891
1056.0,3.7854,-1.3001,1.6145737222222225,1.9959211388888891
1057.0,3.7851,-1.3001,1.6142125833333334,1.9959211388888891
1058.0,3.7849,-1.3,1.6138514444444447,1.9959211388888891
1059.0,3.7848,-1.3001,1.6134903333333335,1.9959211388888891
1060.0,3.7846,-1.3001,1.6131291944444446,1.9959211388888891
1061.0,3.7843,-1.3001,1.6127680555555557,1.9959211388888891
1062.0,3.7841,-1.3,1.6124069166666668,1.9959211388888891
1063.0,3.7839,-1.3002,1.6120458055555558,1.9959211388888891
1064.0,3.7837,-1.3,1.611684638888889,1.9959211388888891
1065.0,3.7837,-1.3001,1.611323527777778,1.9959211388888891
1066.0,3.7835,-1.3001,1.6109623888888889,1.9959211388888891
1067.0,3.7832,-1.3,1.6106012500000002,1.9959211388888891
1068.0,3.7829,-1.3,1.610240138888889,1.9959211388888891
1069.0,3.7827,-1.3,1.609879027777778,1.9959211388888891
1070.0,3.7827,-1.3,1.6095179166666669,1.9959211388888891
1071.0,3.7825,-1.3,1.6091568055555556,1.9959211388888891
1072.0,3.7824,-1.3001,1.6087956944444446,1.9959211388888891
1073.0,3.7823,-1.3,1.6084345555555557,1.9959211388888891
1074.0,3.7816,-1.3001,1.6080734444444444,1.9959211388888891
1075.0,3.7814,-1.3,1.6077123055555558,1.9959211388888891
1076.0,3.7814,-1.3,1.6073511944444445,1.9959211388888891
1077.0,3.7813,-1.3001,1.6069900833333335,1.9959211388888891
1078.0,3.7811,-1.3001,1.6066289444444446,1.9959211388888891
1079.0,3.7809,-1.3,1.6062678055555557,1.9959211388888891
1080.0,3.7806,-1.3,1.6059066944444447,1.9959211388888891
1081.0,3.7802,-1.3001,1.6055455833333334,1.9959211388888891
1082.0,3.78,-1.2999,1.6051844444444447,1.9959211388888891
1083.0,3.78,-1.3,1.6048233611111113,1.9959211388888891
1084.0,3.7799,-1.3,1.60446225,1.9959211388888891
1085.0,3.7796,-1.3001,1.604101138888889,1.9959211388888891
1086.0,3.7794,-1.3001,1.6037400000000002,1.9959211388888891
1087.0,3.7794,-1.3,1.6033788611111113,1.9959211388888891
1088.0,3.7791,-1.3001,1.6030177500000002,1.9959211388888891
1089.0,3.7787,-1.3,1.6026566111111114,1.9959211388888891
1090.0,3.7786,-1.3002,1.6022955000000003,1.9959211388888891
1091.0,3.7785,-1.3002,1.6019343333333336,1.9959211388888891
1092.0,3.7785,-1.3001,1.6015731666666668,1.9959211388888891
1093.0,3.7782,-1.3001,1.601212027777778,1.9959211388888891
1094.0,3.778,-1.3,1.600850888888889,1.9959211388888891
1095.0,3.7778,-1.3001,1.600489777777778,1.9959211388888891
1096.0,3.7775,-1.2999,1.6001286388888891,1.9959211388888891
1097.0,3.7775,-1.2999,1.5997675555555557,1.9959211388888891
1098.0,3.777,-1.3,1.5994064722222223,1.9959211388888891
1099.0,3.7771,-1.3,1.5990453611111113,1.9959211388888891
1100.0,3.7768,-1.3,1.5986842500000003,1.9959211388888891
1101.0,3.7768,-1.3001,1.598323138888889,1.9959211388888891
1102.0,3.7763,-1.3001,1.5979620000000003,1.9959211388888891
1103.0,3.7763,-1.3001,1.5976008611111112,1.9959211388888891
1104.0,3.7761,-1.3,1.5972397222222223,1.9959211388888891
1105.0,3.7758,-1.3,1.5968786111111113,1.9959211388888891
1106.0,3.7756,-1.3,1.5965175,1.9959211388888891
1107.0,3.7754,-1.3,1.596156388888889,1.9959211388888891
1108.0,3.775,-1.3,1.595795277777778,1.9959211388888891
1109.0,3.7749,-1.3,1.5954341666666667,1.9959211388888891
1110.0,3.7748,-1.3001,1.5950730555555557,1.9959211388888891
1111.0,3.7746,-1.3001,1.5947119166666668,1.9959211388888891
1112.0,3.7746,-1.3,1.594350777777778,1.9959211388888891
1113.0,3.7741,-1.2999,1.5939896666666669,1.9959211388888891
1114.0,3.7741,-1.3,1.5936285833333335,1.9959211388888891
1115.0,3.7739,-1.3,1.5932674722222224,1.9959211388888891
1116.0,3.774,-1.3001,1.5929063611111114,1.9959211388888891
1117.0,3.7734,-1.3001,1.5925452222222223,1.9959211388888891
1118.0,3.7733,-1.3,1.5921840833333336,1.9959211388888891
1119.0,3.7732,-1.3,1.5918229722222224,1.9959211388888891
1120.0,3.7728,-1.3001,1.5914618611111113,1.9959211388888891
1121.0,3.7728,-1.3001,1.5911007222222224,1.9959211388888891
1122.0,3.7725,-1.3,1.5907395833333335,1.9959211388888891
1123.0,3.7725,-1.3,1.5903784722222225,1.9959211388888891
1124.0,3.7721,-1.3,1.5900173611111112,1.9959211388888891
1125.0,3.772,-1.3,1.5896562500000002,1.9959211388888891
1126.0,3.7719,-1.3001,1.5892951388888892,1.9959211388888891
1127.0,3.7716,-1.3001,1.588934,1.9959211388888891
1128.0,3.7714,-1.3,1.5885728611111114,1.9959211388888891
1129.0,3.7712,-1.3001,1.5882117500000001,1.9959211388888891
1130.0,3.7709,-1.3,1.5878506111111113,1.9959211388888891
1131.0,3.771,-1.3,1.5874895000000002,1.9959211388888891
1132.0,3.7707,-1.3,1.587128388888889,1.9959211388888891
1133.0,3.7704,-1.3,1.586767277777778,1.9959211388888891
1134.0,3.7703,-1.3,1.586406166666667,1.9959211388888891
1135.0,3.7701,-1.3,1.5860450555555556,1.9959211388888891
1136.0,3.7699,-1.3,1.5856839444444446,1.9959211388888891
1137.0,3.7697,-1.3,1.5853228333333336,1.9959211388888891
1138.0,3.7695,-1.3,1.5849617222222223,1.9959211388888891
1139.0,3.7695,-1.3,1.5846006111111113,1.9959211388888891
1140.0,3.7691,-1.3,1.5842395000000002,1.9959211388888891
1141.0,3.7689,-1.3001,1.583878388888889,1.9959211388888891
1142.0,3.7687,-1.3,1.5835172500000003,1.9959211388888891
1143.0,3.7686,-1.3,1.583156138888889,1.9959211388888891
1144.0,3.7684,-1.3001,1.582795027777778,1.9959211388888891
1145.0,3.7682,-1.3001,1.5824338888888891,1.9959211388888891
1146.0,3.7678,-1.3001,1.5820727500000002,1.9959211388888891
1147.0,3.7677,-1.3001,1.5817116111111114,1.9959211388888891
1148.0,3.7677,-1.3,1.5813504722222225,1.9959211388888891
1149.0,3.7675,-1.3001,1.5809893611111114,1.9959211388888891
1150.0,3.7671,-1.3,1.5806282222222223,1.9959211388888891
1151.0,3.767,-1.3,1.5802671111111113,1.9959211388888891
1152.0,3.7669,-1.3,1.5799060000000003,1.9959211388888891
1153.0,3.7667,-1.3,1.579544888888889,1.9959211388888891
1154.0,3.7666,-1.3,1.579183777777778,1.9959211388888891
1155.0,3.7663,-1.3,1.578822666666667,1.9959211388888891
1156.0,3.7659,-1.3,1.5784615555555557,1.9959211388888891
1157.0,3.766,-1.3,1.5781004444444446,1.9959211388888891
1158.0,3.7658,-1.3,1.5777393333333336,1.9959211388888891
1159.0,3.7656,-1.3,1.5773782222222223,1.9959211388888891
1160.0,3.7653,-1.3001,1.5770171111111113,1.9959211388888891
1161.0,3.7651,-1.3,1.5766559722222224,1.9959211388888891
1162.0,3.7649,-1.3,1.5762948611111112,1.9959211388888891
1163.0,3.7649,-1.3,1.5759337500000001,1.9959211388888891
1164.0,3.7644,-1.3,1.575572638888889,1.9959211388888891
1165.0,3.7644,-1.3,1.5752115277777778,1.9959211388888891
1166.0,3.7641,-1.3001,1.5748504166666668,1.9959211388888891
1167.0,3.7641,-1.3,1.574489277777778,1.9959211388888891
1168.0,3.7638,-1.3,1.5741281666666669,1.9959211388888891
1169.0,3.7635,-1.3,1.5737670555555558,1.9959211388888891
1170.0,3.7634,-1.3001,1.5734059444444446,1.9959211388888891
1171.0,3.7631,-1.3001,1.5730448055555557,1.9959211388888891
1172.0,3.7631,-1.3001,1.5726836666666668,1.9959211388888891
1173.0,3.7629,-1.3001,1.572322527777778,1.9959211388888891
1174.0,3.7626,-1.3001,1.571961388888889,1.9959211388888891
1175.0,3.7624,-1.2999,1.5716002500000001,1.9959211388888891
1176.0,3.7621,-1.3001,1.571239166666667,1.9959211388888891
1177.0,3.762,-1.3,1.5708780277777779,1.9959211388888891
1178.0,3.7619,-1.3001,1.5705169166666668,1.9959211388888891
1179.0,3.7616,-1.3,1.570155777777778,1.9959211388888891
1180.0,3.7615,-1.3,1.569794666666667,1.9959211388888891
1181.0,3.761,-1.3001,1.5694335555555559,1.9959211388888891
1182.0,3.761,-1.3001,1.5690724166666667,1.9959211388888891
1183.0,3.761,-1.3001,1.568711277777778,1.9959211388888891
1184.0,3.7606,-1.2999,1.568350138888889,1.9959211388888891
1185.0,3.7605,-1.3,1.5679890555555558,1.9959211388888891
1186.0,3.7603,-1.3001,1.5676279444444448,1.9959211388888891
1187.0,3.76,-1.3001,1.5672668055555556,1.9959211388888891
1188.0,3.7599,-1.3001,1.566905666666667,1.9959211388888891
1189.0,3.7597,-1.3,1.5665445277777779,1.9959211388888891
1190.0,3.7594,-1.3001,1.5661834166666668,1.9959211388888891
1191.0,3.759,-1.3,1.565822277777778,1.9959211388888891
1192.0,3.759,-1.3,1.565461166666667,1.9959211388888891
1193.0,3.759,-1.3001,1.5651000555555559,1.9959211388888891
1194.0,3.7588,-1.3,1.5647389166666668,1.9959211388888891
1195.0,3.7586,-1.3,1.5643778055555557,1.9959211388888891
1196.0,3.7583,-1.3,1.5640166944444447,1.9959211388888891
1197.0,3.7581,-1.3001,1.5636555833333334,1.9959211388888891
1198.0,3.7582,-1.3002,1.5632944444444448,1.9959211388888891
1199.0,3.7579,-1.3,1.562933277777778,1.9959211388888891
1200.0,3.7575,-1.3,1.562572166666667,1.9959211388888891
1201.0,3.7575,-1.3,1.5622110555555557,1.9959211388888891
1202.0,3.7571,-1.3,1.5618499444444447,1.9959211388888891
1203.0,3.757,-1.3,1.5614888333333337,1.9959211388888891
1204.0,3.7569,-1.3001,1.5611277222222224,1.9959211388888891
1205.0,3.7565,-1.3,1.5607665833333335,1.9959211388888891
1206.0,3.7565,-1.3001,1.5604054722222225,1.9959211388888891
1207.0,3.7562,-1.3,1.5600443333333334,1.9959211388888891
1208.0,3.7562,-1.3,1.5596832222222226,1.9959211388888891
1209.0,3.7559,-1.3,1.5593221111111113,1.9959211388888891
1210.0,3.7558,-1.3001,1.558961,1.9959211388888891
1211.0,3.7554,-1.3,1.5585998611111114,1.9959211388888891
1212.0,3.7553,-1.3001,1.5582387500000001,1.9959211388888891
1213.0,3.7552,-1.3002,1.5578776111111114,1.9959211388888891
1214.0,3.7549,-1.3001,1.5575164444444447,1.9959211388888891
1215.0,3.7547,-1.3,1.5571553055555558,1.9959211388888891
1216.0,3.7547,-1.3,1.5567941944444446,1.9959211388888891
1217.0,3.7544,-1.3,1.5564330833333335,1.9959211388888891
1218.0,3.7541,-1.3,1.5560719722222225,1.9959211388888891
1219.0,3.7539,-1.3,1.5557108611111112,1.9959211388888891
1220.0,3.7536,-1.3,1.5553497500000002,1.9959211388888891
1221.0,3.7536,-1.3,1.5549886388888892,1.9959211388888891
1222.0,3.7536,-1.3001,1.554627527777778,1.9959211388888891
1223.0,3.7531,-1.3,1.554266388888889,1.9959211388888891
1224.0,3.7531,-1.3001,1.553905277777778,1.9959211388888891
1225.0,3.7529,-1.3,1.553544138888889,1.9959211388888891
1226.0,3.7525,-1.3,1.553183027777778,1.9959211388888891
1227.0,3.7524,-1.2999,1.5528219166666668,1.9959211388888891
1228.0,3.7524,-1.3001,1.5524608333333334,1.9959211388888891
1229.0,3.7522,-1.3001,1.5520996944444447,1.9959211388888891
1230.0,3.752,-1.3,1.5517385555555556,1.9959211388888891
1231.0,3.7517,-1.3,1.5513774444444446,1.9959211388888891
1232.0,3.7516,-1.3,1.5510163333333336,1.9959211388888891
1233.0,3.7515,-1.3002,1.5506552222222223,1.9959211388888891
1234.0,3.7512,-1.3,1.5502940555555558,1.9959211388888891
1235.0,3.7508,-1.3001,1.5499329444444445,1.9959211388888891
1236.0,3.7508,-1.3001,1.5495718055555558,1.9959211388888891
1237.0,3.7504,-1.3,1.5492106666666667,1.9959211388888891
1238.0,3.7504,-1.3,1.5488495555555557,1.9959211388888891
1239.0,3.7502,-1.3,1.5484884444444447,1.9959211388888891
1240.0,3.75,-1.3001,1.5481273333333334,1.9959211388888891
1241.0,3.7498,-1.3001,1.5477661944444447,1.9959211388888891
1242.0,3.7497,-1.3,1.5474050555555556,1.9959211388888891
1243.0,3.7494,-1.3,1.5470439444444446,1.9959211388888891
1244.0,3.7494,-1.3,1.5466828333333336,1.9959211388888891
1245.0,3.749,-1.3,1.5463217222222223,1.9959211388888891
1246.0,3.7487,-1.3,1.5459606111111113,1.9959211388888891
1247.0,3.7487,-1.3001,1.5455995000000002,1.9959211388888891
1248.0,3.7484,-1.3001,1.5452383611111113,1.9959211388888891
1249.0,3.7484,-1.3001,1.5448772222222225,1.9959211388888891
1250.0,3.748,-1.3,1.5445160833333336,1.9959211388888891
1251.0,3.7478,-1.3,1.5441549722222225,1.9959211388888891
1252.0,3.7477,-1.3001,1.5437938611111113,1.9959211388888891
1253.0,3.7475,-1.3001,1.5434327222222224,1.9959211388888891
1254.0,3.7474,-1.3001,1.5430715833333335,1.9959211388888891
1255.0,3.7473,-1.3,1.5427104444444446,1.9959211388888891
1256.0,3.7471,-1.3001,1.5423493333333336,1.9959211388888891
1257.0,3.7467,-1.3,1.5419881944444445,1.9959211388888891
1258.0,3.7466,-1.3001,1.5416270833333334,1.9959211388888891
1259.0,3.7464,-1.3,1.5412659444444445,1.9959211388888891
1260.0,3.7463,-1.3001,1.5409048333333335,1.9959211388888891
1261.0,3.7459,-1.3001,1.5405436944444446,1.9959211388888891
1262.0,3.746,-1.2999,1.5401825555555557,1.9959211388888891
1263.0,3.7457,-1.3001,1.5398214722222223,1.9959211388888891
1264.0,3.7455,-1.3,1.5394603333333334,1.9959211388888891
1265.0,3.7453,-1.3,1.5390992222222224,1.9959211388888891
1266.0,3.7451,-1.3001,1.5387381111111114,1.9959211388888891
1267.0,3.7448,-1.3001,1.5383769722222222,1.9959211388888891
1268.0,3.7449,-1.2999,1.5380158333333336,1.9959211388888891
1269.0,3.7446,-1.3001,1.5376547500000002,1.9959211388888891
1270.0,3.7443,-1.3,1.5372936111111113,1.9959211388888891
1271.0,3.7441,-1.3,1.5369325000000003,1.9959211388888891
1272.0,3.744,-1.2999,1.536571388888889,1.9959211388888891
1273.0,3.7437,-1.3001,1.5362103055555556,1.9959211388888891
1274.0,3.7435,-1.2999,1.535849166666667,1.9959211388888891
1275.0,3.7435,-1.3001,1.5354880833333335,1.9959211388888891
1276.0,3.743,-1.3,1.5351269444444446,1.9959211388888891
1277.0,3.7431,-1.3001,1.5347658333333336,1.9959211388888891
1278.0,3.7427,-1.3,1.5344046944444445,1.9959211388888891
1279.0,3.7427,-1.3001,1.5340435833333335,1.9959211388888891
1280.0,3.7424,-1.2998,1.5336824444444446,1.9959211388888891
1281.0,3.7422,-1.3,1.533321388888889,1.9959211388888891
1282.0,3.7421,-1.3001,1.532960277777778,1.9959211388888891
1283.0,3.7419,-1.3001,1.532599138888889,1.9959211388888891
1284.0,3.7416,-1.2999,1.5322380000000002,1.9959211388888891
1285.0,3.7417,-1.3,1.5318769166666668,1.9959211388888891
1286.0,3.7414,-1.3,1.5315158055555558,1.9959211388888891
1287.0,3.7413,-1.2999,1.5311546944444445,1.9959211388888891
1288.0,3.7409,-1.2999,1.5307936111111111,1.9959211388888891
1289.0,3.7408,-1.3,1.530432527777778,1.9959211388888891
1290.0,3.7407,-1.3,1.530071416666667,1.9959211388888891
1291.0,3.7404,-1.3,1.5297103055555556,1.9959211388888891
1292.0,3.7401,-1.3,1.5293491944444446,1.9959211388888891
1293.0,3.74,-1.3,1.5289880833333336,1.9959211388888891
1294.0,3.7398,-1.2999,1.5286269722222223,1.9959211388888891
1295.0,3.7394,-1.3,1.528265888888889,1.9959211388888891
1296.0,3.7395,-1.3001,1.527904777777778,1.9959211388888891
1297.0,3.7394,-1.3,1.527543638888889,1.9959211388888891
1298.0,3.7389,-1.3,1.527182527777778,1.9959211388888891
1299.0,3.7389,-1.3001,1.526821416666667,1.9959211388888891
1300.0,3.7386,-1.3,1.5264602777777778,1.9959211388888891
1301.0,3.7386,-1.2999,1.5260991666666668,1.9959211388888891
1302.0,3.7383,-1.3001,1.5257380833333336,1.9959211388888891
1303.0,3.7381,-1.3,1.5253769444444445,1.9959211388888891
1304.0,3.738,-1.3001,1.5250158333333335,1.9959211388888891
1305.0,3.7376,-1.3,1.5246546944444446,1.9959211388888891
1306.0,3.7376,-1.3,1.5242935833333335,1.9959211388888891
1307.0,3.7372,-1.3,1.5239324722222225,1.9959211388888891
1308.0,3.7372,-1.3001,1.5235713611111112,1.9959211388888891
1309.0,3.737,-1.3,1.5232102222222224,1.9959211388888891
1310.0,3.737,-1.3001,1.5228491111111113,1.9959211388888891
1311.0,3.7365,-1.3001,1.5224879722222224,1.9959211388888891
1312.0,3.7363,-1.3,1.5221268333333335,1.9959211388888891
1313.0,3.7363,-1.3,1.5217657222222223,1.9959211388888891
1314.0,3.7359,-1.3001,1.5214046111111112,1.9959211388888891
1315.0,3.7358,-1.3,1.5210434722222224,1.9959211388888891
1316.0,3.7356,-1.3001,1.5206823611111113,1.9959211388888891
1317.0,3.7357,-1.3001,1.5203212222222224,1.9959211388888891
1318.0,3.7353,-1.3001,1.5199600833333335,1.9959211388888891
1319.0,3.7352,-1.2999,1.5195989444444447,1.9959211388888891
1320.0,3.7347,-1.3,1.5192378611111113,1.9959211388888891
1321.0,3.7347,-1.3001,1.5188767500000002,1.9959211388888891
1322.0,3.7345,-1.3,1.5185156111111113,1.9959211388888891
1323.0,3.7341,-1.3,1.5181545,1.9959211388888891
1324.0,3.7339,-1.3001,1.517793388888889,1.9959211388888891
1325.0,3.734,-1.3,1.5174322500000001,1.9959211388888891
1326.0,3.7339,-1.2999,1.5170711388888891,1.9959211388888891
1327.0,3.7335,-1.3,1.5167100555555557,1.9959211388888891
1328.0,3.7335,-1.3,1.5163489444444447,1.9959211388888891
1329.0,3.7331,-1.3,1.5159878333333334,1.9959211388888891
1330.0,3.7329,-1.3,1.5156267222222224,1.9959211388888891
1331.0,3.733,-1.3,1.5152656111111114,1.9959211388888891
1332.0,3.7326,-1.2999,1.5149045,1.9959211388888891
1333.0,3.7323,-1.3,1.5145434166666667,1.9959211388888891
1334.0,3.7321,-1.3,1.5141823055555559,1.9959211388888891
1335.0,3.732,-1.3,1.5138211944444446,1.9959211388888891
1336.0,3.7319,-1.3,1.5134600833333334,1.9959211388888891
1337.0,3.7318,-1.3001,1.5130989722222226,1.9959211388888891
1338.0,3.7313,-1.3,1.5127378333333334,1.9959211388888891
1339.0,3.7311,-1.3,1.5123767222222224,1.9959211388888891
1340.0,3.7309,-1.3001,1.5120156111111114,1.9959211388888891
1341.0,3.7309,-1.3,1.5116544722222223,1.9959211388888891
1342.0,3.7308,-1.3,1.5112933611111112,1.9959211388888891
1343.0,3.7307,-1.3001,1.5109322500000002,1.9959211388888891
1344.0,3.7305,-1.3001,1.5105711111111113,1.9959211388888891
1345.0,3.7303,-1.3,1.5102099722222224,1.9959211388888891
1346.0,3.7302,-1.3001,1.5098488611111112,1.9959211388888891
1347.0,3.7298,-1.3001,1.5094877222222225,1.9959211388888891
1348.0,3.7298,-1.3001,1.5091265833333334,1.9959211388888891
1349.0,3.7294,-1.3001,1.5087654444444447,1.9959211388888891
1350.0,3.7292,-1.3001,1.5084043055555556,1.9959211388888891
1351.0,3.7292,-1.3001,1.508043166666667,1.9959211388888891
1352.0,3.7289,-1.3,1.5076820277777778,1.9959211388888891
1353.0,3.7287,-1.3,1.5073209166666668,1.9959211388888891
1354.0,3.7284,-1.3001,1.5069598055555558,1.9959211388888891
1355.0,3.7282,-1.3,1.5065986666666669,1.9959211388888891
1356.0,3.7282,-1.3,1.5062375555555558,1.9959211388888891
1357.0,3.728,-1.3,1.5058764444444446,1.9959211388888891
1358.0,3.7278,-1.3,1.5055153333333335,1.9959211388888891
1359.0,3.7276,-1.3,1.5051542222222225,1.9959211388888891
1360.0,3.7273,-1.3001,1.5047931111111112,1.9959211388888891
1361.0,3.727,-1.3002,1.5044319722222224,1.9959211388888891
1362.0,3.7268,-1.3001,1.5040708055555556,1.9959211388888891
1363.0,3.7269,-1.3001,1.503709666666667,1.9959211388888891
1364.0,3.7266,-1.2999,1.5033485277777778,1.9959211388888891
1365.0,3.7265,-1.3,1.5029874444444447,1.9959211388888891
1366.0,3.7261,-1.3001,1.5026263333333336,1.9959211388888891
1367.0,3.7261,-1.3001,1.5022651944444445,1.9959211388888891
1368.0,3.7259,-1.3001,1.5019040555555558,1.9959211388888891
1369.0,3.7257,-1.3,1.5015429166666667,1.9959211388888891
1370.0,3.7256,-1.3001,1.5011818055555557,1.9959211388888891
1371.0,3.7253,-1.3001,1.5008206666666668,1.9959211388888891
1372.0,3.7251,-1.3002,1.500459527777778,1.9959211388888891
1373.0,3.725,-1.3001,1.5000983611111112,1.9959211388888891
1374.0,3.7246,-1.3,1.4997372222222225,1.9959211388888891
1375.0,3.7246,-1.3,1.4993761111111112,1.9959211388888891
1376.0,3.7244,-1.3001,1.4990150000000002,1.9959211388888891
1377.0,3.7243,-1.3,1.4986538611111113,1.9959211388888891
1378.0,3.724,-1.3001,1.49829275,1.9959211388888891
1379.0,3.7237,-1.3001,1.4979316111111114,1.9959211388888891
1380.0,3.7234,-1.3001,1.4975704722222223,1.9959211388888891
1381.0,3.7233,-1.3,1.4972093333333336,1.9959211388888891
1382.0,3.7234,-1.3,1.4968482222222224,1.9959211388888891
1383.0,3.7232,-1.3001,1.4964871111111113,1.9959211388888891
1384.0,3.723,-1.3,1.4961259722222224,1.9959211388888891
1385.0,3.7228,-1.3001,1.4957648611111112,1.9959211388888891
1386.0,3.7224,-1.3001,1.4954037222222225,1.9959211388888891
1387.0,3.7224,-1.2999,1.4950425833333334,1.9959211388888891
1388.0,3.7221,-1.3,1.4946815000000002,1.9959211388888891
1389.0,3.722,-1.3,1.494320388888889,1.9959211388888891
1390.0,3.7218,-1.3,1.493959277777778,1.9959211388888891
1391.0,3.7215,-1.3002,1.493598166666667,1.9959211388888891
1392.0,3.7215,-1.3001,1.4932370000000001,1.9959211388888891
1393.0,3.7211,-1.3,1.4928758611111113,1.9959211388888891
1394.0,3.7209,-1.3,1.4925147500000002,1.9959211388888891
1395.0,3.7208,-1.3,1.492153638888889,1.9959211388888891
1396.0,3.7205,-1.3,1.491792527777778,1.9959211388888891
1397.0,3.7205,-1.3,1.491431416666667,1.9959211388888891
1398.0,3.7204,-1.3,1.4910703055555556,1.9959211388888891
1399.0,3.7201,-1.2999,1.4907091944444446,1.9959211388888891
1400.0,3.7199,-1.3,1.4903481111111114,1.9959211388888891
1401.0,3.7194,-1.3001,1.4899870000000002,1.9959211388888891
1402.0,3.7194,-1.3001,1.4896258611111113,1.9959211388888891
1403.0,3.7193,-1.3001,1.4892647222222224,1.9959211388888891
1404.0,3.7191,-1.3001,1.4889035833333335,1.9959211388888891
1405.0,3.719,-1.3001,1.4885424444444446,1.9959211388888891
1406.0,3.7188,-1.3001,1.4881813055555557,1.9959211388888891
1407.0,3.7186,-1.3,1.4878201666666668,1.9959211388888891
1408.0,3.7186,-1.3001,1.4874590555555558,1.9959211388888891
1409.0,3.7182,-1.3001,1.487097916666667,1.9959211388888891
1410.0,3.718,-1.3002,1.486736777777778,1.9959211388888891
1411.0,3.718,-1.3,1.4863756111111113,1.9959211388888891
1412.0,3.7177,-1.2999,1.4860145000000002,1.9959211388888891
1413.0,3.7173,-1.3,1.4856534166666668,1.9959211388888891
1414.0,3.7173,-1.3001,1.4852923055555558,1.9959211388888891
1415.0,3.7171,-1.3001,1.484931166666667,1.9959211388888891
1416.0,3.7168,-1.3001,1.484570027777778,1.9959211388888891
1417.0,3.7167,-1.3,1.484208888888889,1.9959211388888891
1418.0,3.7164,-1.3001,1.483847777777778,1.9959211388888891
1419.0,3.7161,-1.3,1.483486638888889,1.9959211388888891
1420.0,3.7162,-1.3,1.483125527777778,1.9959211388888891
1421.0,3.7159,-1.3001,1.482764416666667,1.9959211388888891
1422.0,3.716,-1.2999,1.4824032777777778,1.9959211388888891
1423.0,3.7157,-1.3,1.4820421944444446,1.9959211388888891
1424.0,3.7151,-1.3,1.4816810833333336,1.9959211388888891
1425.0,3.7152,-1.3001,1.4813199722222223,1.9959211388888891
1426.0,3.715,-1.3001,1.4809588333333334,1.9959211388888891
1427.0,3.7149,-1.3,1.4805976944444446,1.9959211388888891
1428.0,3.7147,-1.3,1.4802365833333335,1.9959211388888891
1429.0,3.7144,-1.3001,1.4798754722222225,1.9959211388888891
1430.0,3.7143,-1.3,1.4795143333333334,1.9959211388888891
1431.0,3.7142,-1.3,1.4791532222222223,1.9959211388888891
1432.0,3.714,-1.3001,1.4787921111111113,1.9959211388888891
1433.0,3.7136,-1.3001,1.4784309722222224,1.9959211388888891
1434.0,3.7136,-1.3001,1.4780698333333335,1.9959211388888891
1435.0,3.7133,-1.3001,1.4777086944444446,1.9959211388888891
1436.0,3.7133,-1.3001,1.4773475555555557,1.9959211388888891
1437.0,3.713,-1.3001,1.4769864166666669,1.9959211388888891
1438.0,3.7126,-1.3001,1.476625277777778,1.9959211388888891
1439.0,3.7125,-1.3001,1.476264138888889,1.9959211388888891
1440.0,3.7124,-1.3,1.4759030000000002,1.9959211388888891
1441.0,3.7123,-1.3,1.475541888888889,1.9959211388888891
1442.0,3.7121,-1.3,1.475180777777778,1.9959211388888891
1443.0,3.7118,-1.3,1.4748196666666669,1.9959211388888891
1444.0,3.7115,-1.3001,1.4744585555555556,1.9959211388888891
1445.0,3.7115,-1.3,1.474097416666667,1.9959211388888891
1446.0,3.7111,-1.3001,1.4737363055555557,1.9959211388888891
1447.0,3.7111,-1.3,1.4733751666666668,1.9959211388888891
1448.0,3.7108,-1.3001,1.4730140555555558,1.9959211388888891
1449.0,3.7108,-1.3,1.4726529166666669,1.9959211388888891
1450.0,3.7104,-1.3,1.4722918055555558,1.9959211388888891
1451.0,3.7101,-1.3001,1.4719306944444446,1.9959211388888891
1452.0,3.7101,-1.3001,1.4715695555555557,1.9959211388888891
1453.0,3.7098,-1.3,1.4712084166666668,1.9959211388888891
1454.0,3.7098,-1.3002,1.4708473055555558,1.9959211388888891
1455.0,3.7095,-1.3,1.470486138888889,1.9959211388888891
1456.0,3.7095,-1.3001,1.470125027777778,1.9959211388888891
1457.0,3.7092,-1.3001,1.469763888888889,1.9959211388888891
1458.0,3.7092,-1.3,1.4694027500000002,1.9959211388888891
1459.0,3.7087,-1.3002,1.469041638888889,1.9959211388888891
1460.0,3.7088,-1.3,1.4686804722222224,1.9959211388888891
1461.0,3.7086,-1.2999,1.4683193611111112,1.9959211388888891
1462.0,3.7084,-1.3,1.467958277777778,1.9959211388888891
1463.0,3.7084,-1.3001,1.4675971666666667,1.9959211388888891
1464.0,3.708,-1.3,1.467236027777778,1.9959211388888891
1465.0,3.7078,-1.3,1.4668749166666668,1.9959211388888891
1466.0,3.7075,-1.3,1.4665138055555558,1.9959211388888891
1467.0,3.7074,-1.3,1.4661526944444447,1.9959211388888891
1468.0,3.7069,-1.3001,1.4657915833333335,1.9959211388888891
1469.0,3.7069,-1.3,1.4654304444444446,1.9959211388888891
1470.0,3.707,-1.3,1.4650693333333336,1.9959211388888891
1471.0,3.7067,-1.2999,1.4647082222222223,1.9959211388888891
1472.0,3.7065,-1.2999,1.464347138888889,1.9959211388888891
1473.0,3.7062,-1.3001,1.4639860555555557,1.9959211388888891
1474.0,3.7063,-1.3,1.4636249166666668,1.9959211388888891
1475.0,3.7058,-1.3001,1.4632638055555556,1.9959211388888891
1476.0,3.7059,-1.3001,1.462902666666667,1.9959211388888891
1477.0,3.7056,-1.3001,1.4625415277777778,1.9959211388888891
1478.0,3.7054,-1.3,1.4621803888888891,1.9959211388888891
1479.0,3.7052,-1.3001,1.4618192777777779,1.9959211388888891
1480.0,3.705,-1.3,1.461458138888889,1.9959211388888891
1481.0,3.7048,-1.3,1.461097027777778,1.9959211388888891
1482.0,3.7046,-1.3001,1.4607359166666667,1.9959211388888891
1483.0,3.7043,-1.3,1.460374777777778,1.9959211388888891
1484.0,3.704,-1.3,1.4600136666666668,1.9959211388888891
1485.0,3.704,-1.3001,1.4596525555555557,1.9959211388888891
1486.0,3.7038,-1.3,1.4592914166666668,1.9959211388888891
1487.0,3.7036,-1.3001,1.4589303055555556,1.9959211388888891
1488.0,3.7035,-1.3,1.4585691666666667,1.9959211388888891
1489.0,3.7032,-1.3,1.4582080555555557,1.9959211388888891
1490.0,3.7031,-1.3001,1.4578469444444446,1.9959211388888891
1491.0,3.703,-1.3,1.4574858055555557,1.9959211388888891
1492.0,3.7026,-1.3,1.4571246944444445,1.9959211388888891
1493.0,3.7025,-1.3002,1.4567635833333334,1.9959211388888891
1494.0,3.7023,-1.3,1.4564024166666667,1.9959211388888891
1495.0,3.702,-1.3001,1.4560413055555557,1.9959211388888891
1496.0,3.7019,-1.3001,1.4556801666666668,1.9959211388888891
1497.0,3.7015,-1.3,1.4553190277777779,1.9959211388888891
1498.0,3.7015,-1.3,1.4549579166666669,1.9959211388888891
1499.0,3.7014,-1.3,1.4545968055555556,1.9959211388888891
1500.0,3.7014,-1.3,1.4542356944444446,1.9959211388888891
1501.0,3.7009,-1.2999,1.4538745833333335,1.9959211388888891
1502.0,3.7009,-1.3,1.4535135000000001,1.9959211388888891
1503.0,3.7007,-1.3001,1.453152388888889,1.9959211388888891
1504.0,3.7004,-1.2999,1.4527912500000002,1.9959211388888891
1505.0,3.7005,-1.3,1.4524301666666668,1.9959211388888891
1506.0,3.7,-1.3001,1.4520690555555555,1.9959211388888891
1507.0,3.7001,-1.3,1.4517079166666669,1.9959211388888891
1508.0,3.6997,-1.3,1.4513468055555556,1.9959211388888891
1509.0,3.6994,-1.3,1.4509856944444446,1.9959211388888891
1510.0,3.6995,-1.2999,1.4506245833333336,1.9959211388888891
1511.0,3.6992,-1.3001,1.4502635000000001,1.9959211388888891
1512.0,3.6988,-1.3,1.4499023611111113,1.9959211388888891
1513.0,3.699,-1.3001,1.4495412500000002,1.9959211388888891
1514.0,3.6987,-1.3,1.4491801111111111,1.9959211388888891
1515.0,3.6984,-1.3,1.448819,1.9959211388888891
1516.0,3.6983,-1.3,1.448457888888889,1.9959211388888891
1517.0,3.698,-1.2999,1.4480967777777778,1.9959211388888891
1518.0,3.6978,-1.3,1.4477356944444446,1.9959211388888891
1519.0,3.6976,-1.3,1.4473745833333336,1.9959211388888891
1520.0,3.6973,-1.3001,1.4470134722222223,1.9959211388888891
1521.0,3.6975,-1.3,1.4466523333333334,1.9959211388888891
1522.0,3.6971,-1.3,1.4462912222222224,1.9959211388888891
1523.0,3.6969,-1.3,1.4459301111111111,1.9959211388888891
1524.0,3.6969,-1.3,1.445569,1.9959211388888891
1525.0,3.6965,-1.3001,1.445207888888889,1.9959211388888891
1526.0,3.6963,-1.3,1.4448467500000002,1.9959211388888891
1527.0,3.6962,-1.3,1.4444856388888891,1.9959211388888891
1528.0,3.6959,-1.3,1.4441245277777779,1.9959211388888891
1529.0,3.6959,-1.3,1.4437634166666666,1.9959211388888891
1530.0,3.6957,-1.3001,1.4434023055555556,1.9959211388888891
1531.0,3.6955,-1.3,1.4430411666666667,1.9959211388888891
1532.0,3.6952,-1.3,1.4426800555555557,1.9959211388888891
1533.0,3.695,-1.3001,1.4423189444444446,1.9959211388888891
1534.0,3.6948,-1.3001,1.4419578055555555,1.9959211388888891
1535.0,3.6946,-1.3,1.4415966666666669,1.9959211388888891
1536.0,3.6944,-1.3,1.4412355555555556,1.9959211388888891
1537.0,3.6943,-1.3,1.4408744444444446,1.9959211388888891
1538.0,3.6943,-1.3,1.4405133333333335,1.9959211388888891
1539.0,3.6939,-1.3001,1.4401522222222223,1.9959211388888891
1540.0,3.6939,-1.3,1.4397910833333334,1.9959211388888891
1541.0,3.6935,-1.3,1.4394299722222224,1.9959211388888891
1542.0,3.6935,-1.3001,1.439068861111111,1.9959211388888891
1543.0,3.6933,-1.3001,1.4387077222222224,1.9959211388888891
1544.0,3.6932,-1.3001,1.4383465833333333,1.9959211388888891
1545.0,3.6928,-1.3,1.4379854444444446,1.9959211388888891
1546.0,3.6924,-1.3,1.4376243333333334,1.9959211388888891
1547.0,3.6923,-1.3,1.4372632222222224,1.9959211388888891
1548.0,3.6923,-1.3,1.4369021111111113,1.9959211388888891
1549.0,3.6922,-1.3,1.436541,1.9959211388888891
1550.0,3.6919,-1.3,1.436179888888889,1.9959211388888891
1551.0,3.6918,-1.3,1.435818777777778,1.9959211388888891
1552.0,3.6917,-1.3,1.4354576666666667,1.9959211388888891
1553.0,3.6913,-1.3,1.4350965555555557,1.9959211388888891
1554.0,3.6913,-1.3,1.4347354444444447,1.9959211388888891
1555.0,3.6911,-1.3001,1.4343743333333334,1.9959211388888891
1556.0,3.691,-1.3001,1.4340131944444445,1.9959211388888891
1557.0,3.6906,-1.3001,1.4336520555555556,1.9959211388888891
1558.0,3.6904,-1.3,1.4332909166666667,1.9959211388888891
1559.0,3.6904,-1.3,1.4329298055555557,1.9959211388888891
1560.0,3.6904,-1.3001,1.4325686944444447,1.9959211388888891
1561.0,3.6898,-1.3,1.4322075555555558,1.9959211388888891
1562.0,3.6898,-1.3001,1.4318464444444445,1.9959211388888891
1563.0,3.6897,-1.3,1.4314853055555559,1.9959211388888891
1564.0,3.6893,-1.3001,1.4311241944444446,1.9959211388888891
1565.0,3.689,-1.3,1.4307630555555557,1.9959211388888891
1566.0,3.689,-1.3,1.4304019444444447,1.9959211388888891
1567.0,3.6887,-1.3001,1.4300408333333334,1.9959211388888891
1568.0,3.6885,-1.3,1.4296796944444445,1.9959211388888891
1569.0,3.6884,-1.3,1.4293185833333335,1.9959211388888891
1570.0,3.688,-1.3,1.4289574722222222,1.9959211388888891
1571.0,3.688,-1.3001,1.4285963611111112,1.9959211388888891
1572.0,3.6879,-1.3,1.4282352222222223,1.9959211388888891
1573.0,3.6878,-1.3001,1.4278741111111113,1.9959211388888891
1574.0,3.6874,-1.3001,1.4275129722222224,1.9959211388888891
1575.0,3.6874,-1.3,1.4271518333333335,1.9959211388888891
1576.0,3.6873,-1.3001,1.4267907222222225,1.9959211388888891
1577.0,3.687,-1.3001,1.4264295833333334,1.9959211388888891
1578.0,3.6871,-1.3,1.4260684444444447,1.9959211388888891
1579.0,3.6865,-1.3,1.4257073333333334,1.9959211388888891
1580.0,3.6864,-1.3,1.4253462222222224,1.9959211388888891
1581.0,3.6864,-1.3,1.4249851111111114,1.9959211388888891
1582.0,3.686,-1.3001,1.4246240000000001,1.9959211388888891
1583.0,3.6858,-1.3,1.4242628611111112,1.9959211388888891
1584.0,3.6856,-1.3001,1.4239017500000002,1.9959211388888891
1585.0,3.6853,-1.3001,1.4235406111111113,1.9959211388888891
1586.0,3.6853,-1.3,1.4231794722222224,1.9959211388888891
1587.0,3.6852,-1.3,1.4228183611111112,1.9959211388888891
1588.0,3.685,-1.3001,1.4224572500000001,1.9959211388888891
1589.0,3.6848,-1.3001,1.4220961111111112,1.9959211388888891
1590.0,3.6845,-1.3001,1.4217349722222223,1.9959211388888891
1591.0,3.6844,-1.3,1.4213738333333334,1.9959211388888891
1592.0,3.6839,-1.3001,1.4210127222222224,1.9959211388888891
1593.0,3.6839,-1.3,1.4206515833333335,1.9959211388888891
1594.0,3.6838,-1.3001,1.4202904722222223,1.9959211388888891
1595.0,3.6838,-1.3001,1.4199293333333334,1.9959211388888891
1596.0,3.6836,-1.3001,1.4195681944444445,1.9959211388888891
1597.0,3.6833,-1.3,1.4192070555555556,1.9959211388888891
1598.0,3.683,-1.3002,1.4188459444444446,1.9959211388888891
1599.0,3.6828,-1.3001,1.4184847777777778,1.9959211388888891
1600.0,3.6824,-1.2999,1.418123638888889,1.9959211388888891
1601.0,3.6825,-1.3,1.4177625555555557,1.9959211388888891
1602.0,3.6826,-1.3001,1.4174014444444447,1.9959211388888891
1603.0,3.682,-1.3001,1.4170403055555556,1.9959211388888891
1604.0,3.6819,-1.3002,1.416679166666667,1.9959211388888891
1605.0,3.6818,-1.3001,1.4163180000000002,1.9959211388888891
1606.0,3.6815,-1.3001,1.4159568611111113,1.9959211388888891
1607.0,3.6815,-1.3,1.4155957222222224,1.9959211388888891
1608.0,3.6813,-1.3,1.4152346111111114,1.9959211388888891
1609.0,3.681,-1.3001,1.4148735000000001,1.9959211388888891
1610.0,3.6807,-1.3,1.4145123611111112,1.9959211388888891
1611.0,3.6806,-1.3001,1.4141512500000002,1.9959211388888891
1612.0,3.6806,-1.3001,1.4137901111111113,1.9959211388888891
1613.0,3.6804,-1.3,1.4134289722222224,1.9959211388888891
1614.0,3.6802,-1.3,1.4130678611111112,1.9959211388888891
1615.0,3.6799,-1.3,1.4127067500000001,1.9959211388888891
1616.0,3.6799,-1.3001,1.412345638888889,1.9959211388888891
1617.0,3.6795,-1.3001,1.4119845,1.9959211388888891
1618.0,3.6796,-1.3,1.4116233611111113,1.9959211388888891
1619.0,3.6794,-1.3001,1.41126225,1.9959211388888891
1620.0,3.6793,-1.3,1.4109011111111112,1.9959211388888891
1621.0,3.6789,-1.3001,1.4105400000000001,1.9959211388888891
1622.0,3.6787,-1.3,1.4101788611111112,1.9959211388888891
1623.0,3.6786,-1.3001,1.4098177500000002,1.9959211388888891
1624.0,3.6785,-1.3001,1.409456611111111,1.9959211388888891
1625.0,3.6781,-1.3001,1.4090954722222224,1.9959211388888891
1626.0,3.6779,-1.3,1.4087343333333333,1.9959211388888891
1627.0,3.678,-1.2999,1.4083732222222223,1.9959211388888891
1628.0,3.6775,-1.3001,1.408012138888889,1.9959211388888891
1629.0,3.6775,-1.3001,1.407651,1.9959211388888891
1630.0,3.6772,-1.3001,1.4072898611111113,1.9959211388888891
1631.0,3.6771,-1.3001,1.4069287222222222,1.9959211388888891
1632.0,3.6768,-1.3001,1.4065675833333335,1.9959211388888891
1633.0,3.6768,-1.3,1.4062064444444446,1.9959211388888891
1634.0,3.6765,-1.3001,1.4058453333333334,1.9959211388888891
1635.0,3.6764,-1.3,1.4054841944444445,1.9959211388888891
1636.0,3.6762,-1.3001,1.4051230833333335,1.9959211388888891
1637.0,3.6759,-1.3001,1.4047619444444446,1.9959211388888891
1638.0,3.6757,-1.3,1.4044008055555557,1.9959211388888891
1639.0,3.6756,-1.3,1.4040396944444447,1.9959211388888891
1640.0,3.6753,-1.3001,1.4036785833333334,1.9959211388888891
1641.0,3.6753,-1.3,1.4033174444444445,1.9959211388888891
1642.0,3.675,-1.3001,1.4029563333333335,1.9959211388888891
1643.0,3.6746,-1.3001,1.4025951944444446,1.9959211388888891
1644.0,3.6746,-1.3,1.4022340555555557,1.9959211388888891
1645.0,3.6742,-1.3,1.4018729444444444,1.9959211388888891
1646.0,3.6742,-1.3001,1.4015118333333334,1.9959211388888891
1647.0,3.674,-1.3001,1.4011506944444445,1.9959211388888891
1648.0,3.674,-1.3,1.4007895555555556,1.9959211388888891
1649.0,3.6738,-1.3001,1.4004284444444446,1.9959211388888891
1650.0,3.6737,-1.3001,1.4000673055555557,1.9959211388888891
1651.0,3.6735,-1.3001,1.3997061666666668,1.9959211388888891
1652.0,3.6731,-1.3001,1.399345027777778,1.9959211388888891
1653.0,3.6729,-1.3,1.398983888888889,1.9959211388888891
1654.0,3.6727,-1.3,1.3986227777777778,1.9959211388888891
1655.0,3.6726,-1.3,1.3982616666666667,1.9959211388888891
1656.0,3.6724,-1.3,1.3979005555555557,1.9959211388888891
1657.0,3.6725,-1.3001,1.3975394444444447,1.9959211388888891
1658.0,3.6721,-1.3001,1.3971783055555558,1.9959211388888891
1659.0,3.6719,-1.3,1.3968171666666669,1.9959211388888891
1660.0,3.6717,-1.2999,1.3964560555555559,1.9959211388888891
1661.0,3.6714,-1.3,1.3960949722222225,1.9959211388888891
1662.0,3.6712,-1.3001,1.3957338611111112,1.9959211388888891
1663.0,3.6711,-1.3001,1.3953727222222223,1.9959211388888891
1664.0,3.671,-1.3,1.3950115833333334,1.9959211388888891
1665.0,3.6706,-1.3001,1.3946504722222224,1.9959211388888891
1666.0,3.6705,-1.3001,1.3942893333333335,1.9959211388888891
1667.0,3.6705,-1.3,1.3939281944444446,1.9959211388888891
1668.0,3.6702,-1.3,1.3935670833333336,1.9959211388888891
1669.0,3.6701,-1.3001,1.3932059722222223,1.9959211388888891
1670.0,3.6701,-1.2999,1.3928448333333334,1.9959211388888891
1671.0,3.6696,-1.3,1.3924837500000002,1.9959211388888891
1672.0,3.6696,-1.3,1.392122638888889,1.9959211388888891
1673.0,3.6694,-1.3,1.391761527777778,1.9959211388888891
1674.0,3.669,-1.3001,1.391400416666667,1.9959211388888891
1675.0,3.669,-1.3001,1.3910392777777778,1.9959211388888891
1676.0,3.6688,-1.3001,1.3906781388888891,1.9959211388888891
1677.0,3.6686,-1.3001,1.390317,1.9959211388888891
1678.0,3.6685,-1.3002,1.3899558611111114,1.9959211388888891
1679.0,3.6683,-1.3001,1.3895946944444446,1.9959211388888891
1680.0,3.6679,-1.3001,1.3892335555555557,1.9959211388888891
1681.0,3.668,-1.3001,1.3888724166666668,1.9959211388888891
1682.0,3.6677,-1.3,1.388511277777778,1.9959211388888891
1683.0,3.6678,-1.2999,1.3881501666666667,1.9959211388888891
1684.0,3.6673,-1.3001,1.3877890833333333,1.9959211388888891
1685.0,3.6672,-1.3,1.3874279444444446,1.9959211388888891
1686.0,3.6668,-1.3,1.3870668333333334,1.9959211388888891
1687.0,3.6668,-1.3001,1.3867057222222223,1.9959211388888891
1688.0,3.6667,-1.3,1.3863445833333334,1.9959211388888891
1689.0,3.6663,-1.3,1.3859834722222222,1.9959211388888891
1690.0,3.666,-1.3002,1.3856223611111111,1.9959211388888891
1691.0,3.666,-1.3,1.3852611944444444,1.9959211388888891
1692.0,3.666,-1.3,1.3849000833333334,1.9959211388888891
1693.0,3.6658,-1.3,1.3845389722222223,1.9959211388888891
1694.0,3.6653,-1.3001,1.384177861111111,1.9959211388888891
1695.0,3.6654,-1.3002,1.3838167222222224,1.9959211388888891
1696.0,3.6652,-1.3,1.3834555555555557,1.9959211388888891
1697.0,3.6649,-1.3001,1.3830944444444446,1.9959211388888891
1698.0,3.6649,-1.3001,1.3827333055555555,1.9959211388888891
1699.0,3.6646,-1.3002,1.3823721666666668,1.9959211388888891
1700.0,3.6644,-1.3,1.382011,1.9959211388888891
1701.0,3.6642,-1.3001,1.381649888888889,1.9959211388888891
1702.0,3.664,-1.3001,1.38128875,1.9959211388888891
1703.0,3.6638,-1.3001,1.3809276111111113,1.9959211388888891
1704.0,3.6639,-1.3,1.3805664722222222,1.9959211388888891
1705.0,3.6635,-1.3,1.3802053611111111,1.9959211388888891
1706.0,3.6632,-1.3001,1.37984425,1.9959211388888891
1707.0,3.663,-1.3,1.3794831111111112,1.9959211388888891
1708.0,3.6628,-1.3,1.3791220000000002,1.9959211388888891
1709.0,3.6628,-1.3,1.378760888888889,1.9959211388888891
1710.0,3.6625,-1.3001,1.378399777777778,1.9959211388888891
1711.0,3.6623,-1.3,1.378038638888889,1.9959211388888891
1712.0,3.6623,-1.3,1.3776775277777777,1.9959211388888891
1713.0,3.6622,-1.3,1.3773164166666667,1.9959211388888891
1714.0,3.6618,-1.3001,1.3769553055555557,1.9959211388888891
1715.0,3.6615,-1.3,1.3765941666666668,1.9959211388888891
1716.0,3.6613,-1.3,1.3762330555555558,1.9959211388888891
1717.0,3.6614,-1.3001,1.3758719444444445,1.9959211388888891
1718.0,3.6609,-1.3,1.3755108055555556,1.9959211388888891
1719.0,3.6611,-1.3001,1.3751496944444446,1.9959211388888891
1720.0,3.6609,-1.3,1.3747885555555557,1.9959211388888891
1721.0,3.6608,-1.2999,1.3744274444444446,1.9959211388888891
1722.0,3.6603,-1.3001,1.3740663611111112,1.9959211388888891
1723.0,3.6601,-1.3001,1.3737052222222224,1.9959211388888891
1724.0,3.66,-1.3001,1.3733440833333335,1.9959211388888891
1725.0,3.6599,-1.3001,1.3729829444444446,1.9959211388888891
1726.0,3.6596,-1.3002,1.3726218055555557,1.9959211388888891
1727.0,3.6595,-1.3001,1.372260638888889,1.9959211388888891
1728.0,3.6594,-1.3002,1.3718995,1.9959211388888891
1729.0,3.6591,-1.3001,1.3715383333333333,1.9959211388888891
1730.0,3.6586,-1.3001,1.3711771944444444,1.9959211388888891
1731.0,3.6588,-1.3,1.3708160555555555,1.9959211388888891
1732.0,3.6588,-1.3001,1.3704549444444445,1.9959211388888891
1733.0,3.6585,-1.2999,1.3700938055555556,1.9959211388888891
1734.0,3.6584,-1.3001,1.3697327222222222,1.9959211388888891
1735.0,3.6579,-1.3,1.3693715833333333,1.9959211388888891
1736.0,3.6578,-1.3001,1.3690104722222223,1.9959211388888891
1737.0,3.6577,-1.3,1.3686493333333334,1.9959211388888891
1738.0,3.6574,-1.2999,1.3682882222222221,1.9959211388888891
1739.0,3.6574,-1.3001,1.367927138888889,1.9959211388888891
1740.0,3.6572,-1.3,1.367566,1.9959211388888891
1741.0,3.657,-1.3001,1.3672048888888888,1.9959211388888891
1742.0,3.6569,-1.3001,1.3668437500000001,1.9959211388888891
1743.0,3.6567,-1.3001,1.366482611111111,1.9959211388888891
1744.0,3.6565,-1.3001,1.3661214722222224,1.9959211388888891
1745.0,3.6563,-1.3,1.3657603333333335,1.9959211388888891
1746.0,3.6561,-1.3001,1.3653992222222224,1.9959211388888891
1747.0,3.6559,-1.3002,1.3650380833333333,1.9959211388888891
1748.0,3.6556,-1.3,1.3646769166666668,1.9959211388888891
1749.0,3.6554,-1.3,1.3643158055555555,1.9959211388888891
1750.0,3.6556,-1.3001,1.3639546944444445,1.9959211388888891
1751.0,3.6552,-1.3001,1.3635935555555556,1.9959211388888891
1752.0,3.655,-1.3001,1.3632324166666667,1.9959211388888891
1753.0,3.6549,-1.3001,1.3628712777777778,1.9959211388888891
1754.0,3.6546,-1.3,1.362510138888889,1.9959211388888891
1755.0,3.6545,-1.3001,1.362149027777778,1.9959211388888891
1756.0,3.6545,-1.3001,1.361787888888889,1.9959211388888891
1757.0,3.6542,-1.2999,1.3614267500000001,1.9959211388888891
1758.0,3.6541,-1.3001,1.3610656666666667,1.9959211388888891
1759.0,3.6538,-1.3001,1.3607045277777778,1.9959211388888891
1760.0,3.6538,-1.3001,1.360343388888889,1.9959211388888891
1761.0,3.6535,-1.3001,1.35998225,1.9959211388888891
1762.0,3.6531,-1.3001,1.3596211111111112,1.9959211388888891
1763.0,3.6528,-1.3001,1.3592599722222223,1.9959211388888891
1764.0,3.6529,-1.3,1.3588988333333334,1.9959211388888891
1765.0,3.6528,-1.3001,1.3585377222222224,1.9959211388888891
1766.0,3.6526,-1.3001,1.3581765833333335,1.9959211388888891
1767.0,3.6522,-1.3001,1.3578154444444446,1.9959211388888891
1768.0,3.6522,-1.3001,1.3574543055555557,1.9959211388888891
1769.0,3.6518,-1.3,1.3570931666666668,1.9959211388888891
1770.0,3.6517,-1.3001,1.3567320555555555,1.9959211388888891
1771.0,3.6514,-1.3,1.3563709166666666,1.9959211388888891
1772.0,3.6513,-1.3,1.3560098055555556,1.9959211388888891
1773.0,3.6514,-1.3002,1.3556486944444446,1.9959211388888891
1774.0,3.6511,-1.3001,1.3552875277777778,1.9959211388888891
1775.0,3.651,-1.3001,1.354926388888889,1.9959211388888891
1776.0,3.6507,-1.3001,1.35456525,1.9959211388888891
1777.0,3.6506,-1.3,1.3542041111111112,1.9959211388888891
1778.0,3.6503,-1.3001,1.353843,1.9959211388888891
1779.0,3.6501,-1.3,1.3534818611111112,1.9959211388888891
1780.0,3.65,-1.3001,1.35312075,1.9959211388888891
1781.0,3.6499,-1.3001,1.3527596111111113,1.9959211388888891
1782.0,3.6496,-1.3,1.3523984722222222,1.9959211388888891
1783.0,3.6493,-1.3001,1.3520373611111112,1.9959211388888891
1784.0,3.6493,-1.3001,1.3516762222222223,1.9959211388888891
1785.0,3.649,-1.3,1.3513150833333334,1.9959211388888891
1786.0,3.649,-1.3001,1.3509539722222224,1.9959211388888891
1787.0,3.6489,-1.3001,1.3505928333333335,1.9959211388888891
1788.0,3.6485,-1.3,1.3502316944444446,1.9959211388888891
1789.0,3.6482,-1.3,1.3498705833333333,1.9959211388888891
1790.0,3.6481,-1.3001,1.3495094722222223,1.9959211388888891
1791.0,3.648,-1.3,1.3491483333333334,1.9959211388888891
1792.0,3.6477,-1.3,1.3487872222222221,1.9959211388888891
1793.0,3.6476,-1.3001,1.348426111111111,1.9959211388888891
1794.0,3.6476,-1.3,1.3480649722222222,1.9959211388888891
1795.0,3.6472,-1.3001,1.347703861111111,1.9959211388888891
1796.0,3.6472,-1.3,1.3473427222222223,1.9959211388888891
1797.0,3.647,-1.3001,1.346981611111111,1.9959211388888891
1798.0,3.6468,-1.3,1.3466204722222221,1.9959211388888891
1799.0,3.6466,-1.3,1.346259361111111,1.9959211388888891
1800.0,3.6464,-1.3,1.3458982499999999,1.9959211388888891
1801.0,3.6465,-1.3,1.3455371388888888,1.9959211388888891
1802.0,3.646,-1.3,1.3451760277777778,1.9959211388888891
1803.0,3.6458,-1.3,1.3448149166666665,1.9959211388888891
1804.0,3.6457,-1.3001,1.3444538055555555,1.9959211388888891
1805.0,3.6455,-1.3001,1.3440926666666666,1.9959211388888891
1806.0,3.6454,-1.3,1.3437315277777777,1.9959211388888891
1807.0,3.6454,-1.3,1.3433704166666667,1.9959211388888891
1808.0,3.645,-1.2999,1.3430093055555556,1.9959211388888891
1809.0,3.6451,-1.3001,1.3426482222222222,1.9959211388888891
1810.0,3.6447,-1.3,1.3422870833333334,1.9959211388888891
1811.0,3.6444,-1.3,1.3419259722222223,1.9959211388888891
1812.0,3.6443,-1.3001,1.341564861111111,1.9959211388888891
1813.0,3.6441,-1.3,1.3412037222222222,1.9959211388888891
1814.0,3.644,-1.3001,1.3408426111111111,1.9959211388888891
1815.0,3.6436,-1.3001,1.3404814722222222,1.9959211388888891
1816.0,3.6436,-1.3,1.3401203333333334,1.9959211388888891
1817.0,3.6435,-1.3002,1.3397592222222223,1.9959211388888891
1818.0,3.6434,-1.3,1.3393980555555556,1.9959211388888891
1819.0,3.643,-1.3,1.3390369444444445,1.9959211388888891
1820.0,3.6427,-1.3,1.3386758333333333,1.9959211388888891
1821.0,3.6426,-1.3001,1.3383147222222223,1.9959211388888891
1822.0,3.6424,-1.3,1.3379535833333334,1.9959211388888891
1823.0,3.6423,-1.3001,1.3375924722222223,1.9959211388888891
1824.0,3.6421,-1.3,1.3372313333333334,1.9959211388888891
1825.0,3.642,-1.2999,1.3368702222222222,1.9959211388888891
1826.0,3.6416,-1.3,1.3365091388888888,1.9959211388888891
1827.0,3.6416,-1.3,1.3361480277777777,1.9959211388888891
1828.0,3.6413,-1.3,1.3357869166666667,1.9959211388888891
1829.0,3.6412,-1.3,1.3354258055555555,1.9959211388888891
1830.0,3.6411,-1.3,1.3350646944444444,1.9959211388888891
1831.0,3.641,-1.3001,1.3347035833333334,1.9959211388888891
1832.0,3.6405,-1.3,1.3343424444444445,1.9959211388888891
1833.0,3.6405,-1.3001,1.3339813333333335,1.9959211388888891
1834.0,3.6403,-1.3001,1.3336201944444444,1.9959211388888891
1835.0,3.6403,-1.3001,1.3332590555555557,1.9959211388888891
1836.0,3.6398,-1.3,1.3328979166666666,1.9959211388888891
1837.0,3.6401,-1.3002,1.3325368055555555,1.9959211388888891
1838.0,3.64,-1.3001,1.3321756388888888,1.9959211388888891
1839.0,3.6396,-1.3,1.3318145000000001,1.9959211388888891
1840.0,3.6393,-1.2999,1.3314533888888889,1.9959211388888891
1841.0,3.6391,-1.3,1.3310923055555555,1.9959211388888891
1842.0,3.6389,-1.3,1.3307311944444444,1.9959211388888891
1843.0,3.6388,-1.3,1.3303700833333334,1.9959211388888891
1844.0,3.6386,-1.3001,1.3300089722222221,1.9959211388888891
1845.0,3.6385,-1.2999,1.3296478333333335,1.9959211388888891
1846.0,3.6384,-1.3001,1.32928675,1.9959211388888891
1847.0,3.6381,-1.3001,1.3289256111111112,1.9959211388888891
1848.0,3.6379,-1.3001,1.3285644722222223,1.9959211388888891
1849.0,3.6379,-1.3,1.3282033333333334,1.9959211388888891
1850.0,3.6377,-1.3001,1.3278422222222224,1.9959211388888891
1851.0,3.6373,-1.3,1.3274810833333333,1.9959211388888891
1852.0,3.637,-1.3001,1.3271199722222222,1.9959211388888891
1853.0,3.6369,-1.3001,1.3267588333333333,1.9959211388888891
1854.0,3.637,-1.3001,1.3263976944444444,1.9959211388888891
1855.0,3.6367,-1.3001,1.3260365555555556,1.9959211388888891
1856.0,3.6365,-1.3001,1.3256754166666667,1.9959211388888891
1857.0,3.6363,-1.3,1.3253142777777778,1.9959211388888891
1858.0,3.6363,-1.3,1.3249531666666667,1.9959211388888891
1859.0,3.636,-1.3,1.3245920555555555,1.9959211388888891
1860.0,3.6357,-1.3001,1.3242309444444444,1.9959211388888891
1861.0,3.6359,-1.3001,1.3238698055555556,1.9959211388888891
1862.0,3.6354,-1.3,1.3235086666666667,1.9959211388888891
1863.0,3.6352,-1.3001,1.3231475555555556,1.9959211388888891
1864.0,3.6351,-1.3,1.3227864166666667,1.9959211388888891
1865.0,3.6349,-1.3001,1.3224253055555555,1.9959211388888891
1866.0,3.6348,-1.3,1.3220641666666666,1.9959211388888891
1867.0,3.6346,-1.3001,1.3217030555555556,1.9959211388888891
1868.0,3.6342,-1.3001,1.3213419166666667,1.9959211388888891
1869.0,3.6342,-1.3,1.3209807777777778,1.9959211388888891
1870.0,3.634,-1.3001,1.3206196666666667,1.9959211388888891
1871.0,3.6339,-1.3,1.3202585277777779,1.9959211388888891
1872.0,3.6336,-1.3,1.3198974166666666,1.9959211388888891
1873.0,3.6335,-1.3,1.3195363055555556,1.9959211388888891
1874.0,3.6336,-1.3,1.3191751944444445,1.9959211388888891
1875.0,3.633,-1.3,1.3188140833333333,1.9959211388888891
1876.0,3.6332,-1.3001,1.3184529722222222,1.9959211388888891
1877.0,3.6328,-1.3,1.3180918333333334,1.9959211388888891
1878.0,3.6326,-1.3001,1.317730722222222,1.9959211388888891
1879.0,3.6326,-1.3001,1.3173695833333334,1.9959211388888891
1880.0,3.6324,-1.3,1.3170084444444443,1.9959211388888891
1881.0,3.632,-1.3001,1.3166473333333333,1.9959211388888891
1882.0,3.632,-1.3001,1.3162861944444444,1.9959211388888891
1883.0,3.6313,-1.3,1.3159250555555555,1.9959211388888891
1884.0,3.6316,-1.3001,1.3155639444444445,1.9959211388888891
1885.0,3.6315,-1.3001,1.3152028055555556,1.9959211388888891
1886.0,3.6313,-1.3001,1.3148416666666667,1.9959211388888891
1887.0,3.6311,-1.3001,1.3144805277777778,1.9959211388888891
1888.0,3.631,-1.3,1.314119388888889,1.9959211388888891
1889.0,3.6306,-1.3001,1.3137582777777776,1.9959211388888891
1890.0,3.6305,-1.3001,1.313397138888889,1.9959211388888891
1891.0,3.6303,-1.3001,1.3130359999999999,1.9959211388888891
1892.0,3.6305,-1.3,1.3126748611111112,1.9959211388888891
1893.0,3.6301,-1.3001,1.31231375,1.9959211388888891
1894.0,3.6297,-1.3001,1.311952611111111,1.9959211388888891
1895.0,3.6295,-1.3001,1.3115914722222222,1.9959211388888891
1896.0,3.6294,-1.3001,1.3112303333333333,1.9959211388888891
1897.0,3.6293,-1.3001,1.3108691944444444,1.9959211388888891
1898.0,3.6292,-1.3001,1.3105080555555555,1.9959211388888891
1899.0,3.629,-1.3001,1.3101469166666666,1.9959211388888891
1900.0,3.6287,-1.3001,1.3097857777777777,1.9959211388888891
1901.0,3.6287,-1.3,1.3094246388888888,1.9959211388888891
1902.0,3.6287,-1.3001,1.3090635277777778,1.9959211388888891
1903.0,3.6283,-1.2999,1.308702388888889,1.9959211388888891
1904.0,3.628,-1.3001,1.3083413055555555,1.9959211388888891
1905.0,3.6279,-1.3,1.3079801666666666,1.9959211388888891
1906.0,3.6275,-1.3001,1.3076190555555556,1.9959211388888891
1907.0,3.6275,-1.3,1.3072579166666667,1.9959211388888891
1908.0,3.6275,-1.3001,1.3068968055555557,1.9959211388888891
1909.0,3.6273,-1.3001,1.3065356666666665,1.9959211388888891
1910.0,3.627,-1.2999,1.3061745277777779,1.9959211388888891
1911.0,3.6268,-1.3001,1.3058134444444445,1.9959211388888891
1912.0,3.6268,-1.3,1.3054523055555556,1.9959211388888891
1913.0,3.6268,-1.3001,1.3050911944444445,1.9959211388888891
1914.0,3.6265,-1.3001,1.3047300555555557,1.9959211388888891
1915.0,3.626,-1.3001,1.3043689166666668,1.9959211388888891
1916.0,3.6258,-1.3001,1.3040077777777779,1.9959211388888891
1917.0,3.6259,-1.3,1.303646638888889,1.9959211388888891
1918.0,3.6257,-1.3001,1.3032855277777777,1.9959211388888891
1919.0,3.6254,-1.3001,1.3029243888888888,1.9959211388888891
1920.0,3.6253,-1.3001,1.30256325,1.9959211388888891
1921.0,3.6253,-1.3001,1.3022021111111113,1.9959211388888891
1922.0,3.625,-1.3001,1.3018409722222222,1.9959211388888891
1923.0,3.6248,-1.3001,1.3014798333333335,1.9959211388888891
1924.0,3.6247,-1.3001,1.3011186944444444,1.9959211388888891
1925.0,3.6243,-1.3001,1.3007575555555557,1.9959211388888891
1926.0,3.6242,-1.3001,1.3003964166666666,1.9959211388888891
1927.0,3.6242,-1.3001,1.300035277777778,1.9959211388888891
1928.0,3.624,-1.3001,1.2996741388888888,1.9959211388888891
1929.0,3.6239,-1.3001,1.2993130000000002,1.9959211388888891
1930.0,3.6236,-1.3,1.298951861111111,1.9959211388888891
1931.0,3.6233,-1.3001,1.29859075,1.9959211388888891
1932.0,3.6231,-1.3,1.2982296111111111,1.9959211388888891
1933.0,3.6232,-1.3,1.2978685,1.9959211388888891
1934.0,3.623,-1.3,1.297507388888889,1.9959211388888891
1935.0,3.6226,-1.3,1.2971462777777778,1.9959211388888891
1936.0,3.6227,-1.3,1.2967851666666665,1.9959211388888891
1937.0,3.6224,-1.3001,1.2964240555555555,1.9959211388888891
1938.0,3.6222,-1.3001,1.2960629166666666,1.9959211388888891
1939.0,3.622,-1.3,1.2957017777777777,1.9959211388888891
1940.0,3.6217,-1.3002,1.2953406666666667,1.9959211388888891
1941.0,3.6218,-1.2999,1.2949795,1.9959211388888891
1942.0,3.6217,-1.3002,1.2946184166666668,1.9959211388888891
1943.0,3.6213,-1.3001,1.29425725,1.9959211388888891
1944.0,3.621,-1.3,1.2938961111111111,1.9959211388888891
1945.0,3.621,-1.3002,1.2935349999999999,1.9959211388888891
1946.0,3.6208,-1.3,1.2931738333333334,1.9959211388888891
1947.0,3.6208,-1.3001,1.292812722222222,1.9959211388888891
1948.0,3.6204,-1.3,1.2924515833333334,1.9959211388888891
1949.0,3.6204,-1.3,1.2920904722222222,1.9959211388888891
1950.0,3.6202,-1.3001,1.2917293611111111,1.9959211388888891
1951.0,3.6199,-1.3001,1.2913682222222223,1.9959211388888891
1952.0,3.62,-1.3,1.2910070833333334,1.9959211388888891
1953.0,3.6196,-1.3001,1.2906459722222223,1.9959211388888891
1954.0,3.6194,-1.3001,1.2902848333333332,1.9959211388888891
1955.0,3.6192,-1.3002,1.2899236944444445,1.9959211388888891
1956.0,3.6191,-1.3001,1.2895625277777778,1.9959211388888891
1957.0,3.6189,-1.3,1.289201388888889,1.9959211388888891
1958.0,3.619,-1.2999,1.2888402777777777,1.9959211388888891
1959.0,3.6187,-1.3,1.2884791944444445,1.9959211388888891
1960.0,3.6185,-1.3,1.2881180833333334,1.9959211388888891
1961.0,3.6183,-1.3001,1.2877569722222222,1.9959211388888891
1962.0,3.618,-1.3001,1.2873958333333333,1.9959211388888891
1963.0,3.6177,-1.3,1.2870346944444444,1.9959211388888891
1964.0,3.6177,-1.3,1.2866735833333334,1.9959211388888891
1965.0,3.6174,-1.3001,1.2863124722222223,1.9959211388888891
1966.0,3.6175,-1.3001,1.2859513333333332,1.9959211388888891
1967.0,3.6172,-1.2999,1.2855901944444446,1.9959211388888891
1968.0,3.6169,-1.3,1.2852291111111112,1.9959211388888891
1969.0,3.6169,-1.3002,1.284868,1.9959211388888891
1970.0,3.6168,-1.3,1.2845068333333334,1.9959211388888891
1971.0,3.6163,-1.3,1.2841457222222221,1.9959211388888891
1972.0,3.6163,-1.3001,1.283784611111111,1.9959211388888891
1973.0,3.6161,-1.3001,1.2834234722222222,1.9959211388888891
1974.0,3.6158,-1.3001,1.2830623333333333,1.9959211388888891
1975.0,3.6159,-1.3001,1.2827011944444444,1.9959211388888891
1976.0,3.6155,-1.3001,1.2823400555555555,1.9959211388888891
1977.0,3.6154,-1.2999,1.2819789166666666,1.9959211388888891
1978.0,3.6153,-1.3002,1.2816178333333332,1.9959211388888891
1979.0,3.6151,-1.3,1.2812566666666667,1.9959211388888891
1980.0,3.6149,-1.3,1.2808955555555555,1.9959211388888891
1981.0,3.6147,-1.3,1.2805344444444444,1.9959211388888891
1982.0,3.6147,-1.3001,1.2801733333333334,1.9959211388888891
1983.0,3.6146,-1.3,1.2798121944444445,1.9959211388888891
1984.0,3.6143,-1.3,1.2794510833333332,1.9959211388888891
1985.0,3.6142,-1.3,1.2790899722222222,1.9959211388888891
1986.0,3.6139,-1.3001,1.278728861111111,1.9959211388888891
1987.0,3.6137,-1.3001,1.2783677222222223,1.9959211388888891
1988.0,3.6137,-1.3,1.2780065833333332,1.9959211388888891
1989.0,3.6135,-1.3,1.2776454722222221,1.9959211388888891
1990.0,3.6136,-1.3,1.277284361111111,1.9959211388888891
1991.0,3.6131,-1.3,1.2769232499999998,1.9959211388888891
1992.0,3.6129,-1.3,1.2765621388888888,1.9959211388888891
1993.0,3.6125,-1.3,1.2762010277777778,1.9959211388888891
1994.0,3.6125,-1.3001,1.2758399166666665,1.9959211388888891
1995.0,3.6125,-1.2999,1.2754787777777779,1.9959211388888891
1996.0,3.6122,-1.3001,1.2751176944444444,1.9959211388888891
1997.0,3.6121,-1.3,1.2747565555555556,1.9959211388888891
1998.0,3.6119,-1.3,1.2743954444444445,1.9959211388888891
1999.0,3.6115,-1.3001,1.2740343333333333,1.9959211388888891
2000.0,3.6115,-1.3,1.2736731944444444,1.9959211388888891
2001.0,3.6112,-1.3001,1.2733120833333333,1.9959211388888891
2002.0,3.6113,-1.3001,1.2729509444444445,1.9959211388888891
2003.0,3.6111,-1.3,1.2725898055555556,1.9959211388888891
2004.0,3.6107,-1.3,1.2722286944444443,1.9959211388888891
2005.0,3.6107,-1.3,1.2718675833333333,1.9959211388888891
2006.0,3.6104,-1.3,1.2715064722222222,1.9959211388888891
2007.0,3.6101,-1.3001,1.271145361111111,1.9959211388888891
2008.0,3.6101,-1.3001,1.2707842222222223,1.9959211388888891
2009.0,3.61,-1.3,1.2704230833333332,1.9959211388888891
2010.0,3.6098,-1.3001,1.2700619722222222,1.9959211388888891
2011.0,3.6096,-1.3001,1.2697008333333333,1.9959211388888891
2012.0,3.6095,-1.3,1.2693396944444444,1.9959211388888891
2013.0,3.6095,-1.3,1.2689785833333334,1.9959211388888891
2014.0,3.6091,-1.3001,1.268617472222222,1.9959211388888891
2015.0,3.609,-1.3001,1.2682563333333334,1.9959211388888891
2016.0,3.6089,-1.3,1.2678951944444443,1.9959211388888891
2017.0,3.6086,-1.3,1.2675340833333333,1.9959211388888891
2018.0,3.6087,-1.3001,1.2671729722222222,1.9959211388888891
2019.0,3.6083,-1.3001,1.2668118333333334,1.9959211388888891
2020.0,3.6081,-1.3001,1.2664506944444445,1.9959211388888891
2021.0,3.608,-1.3,1.2660895555555556,1.9959211388888891
2022.0,3.6079,-1.3,1.2657284444444445,1.9959211388888891
2023.0,3.6077,-1.3,1.2653673333333333,1.9959211388888891
2024.0,3.6076,-1.3,1.2650062222222223,1.9959211388888891
2025.0,3.6074,-1.3001,1.2646451111111112,1.9959211388888891
2026.0,3.6069,-1.3001,1.264283972222222,1.9959211388888891
2027.0,3.6068,-1.3001,1.2639228333333334,1.9959211388888891
2028.0,3.607,-1.3001,1.2635616944444443,1.9959211388888891
2029.0,3.6066,-1.3,1.2632005555555557,1.9959211388888891
2030.0,3.6063,-1.3002,1.2628394444444444,1.9959211388888891
2031.0,3.6065,-1.3001,1.2624782777777779,1.9959211388888891
2032.0,3.606,-1.2999,1.2621171388888888,1.9959211388888891
2033.0,3.6062,-1.3,1.2617560555555556,1.9959211388888891
2034.0,3.6058,-1.3001,1.2613949444444446,1.9959211388888891
2035.0,3.6057,-1.3,1.2610338055555554,1.9959211388888891
2036.0,3.6054,-1.3001,1.2606726944444444,1.9959211388888891
2037.0,3.6053,-1.3,1.2603115555555555,1.9959211388888891
2038.0,3.6048,-1.3,1.2599504444444445,1.9959211388888891
2039.0,3.6047,-1.3002,1.2595893333333334,1.9959211388888891
2040.0,3.6048,-1.3001,1.2592281666666667,1.9959211388888891
2041.0,3.6045,-1.3,1.2588670277777778,1.9959211388888891
2042.0,3.6044,-1.3001,1.2585059166666666,1.9959211388888891
2043.0,3.6043,-1.3,1.258144777777778,1.9959211388888891
2044.0,3.6043,-1.3001,1.2577836666666666,1.9959211388888891
2045.0,3.6039,-1.3001,1.2574225277777777,1.9959211388888891
2046.0,3.6037,-1.3,1.2570613888888889,1.9959211388888891
2047.0,3.6034,-1.3001,1.2567002777777778,1.9959211388888891
2048.0,3.6033,-1.3002,1.256339138888889,1.9959211388888891
2049.0,3.6031,-1.3,1.2559779722222224,1.9959211388888891
2050.0,3.6031,-1.3001,1.2556168611111111,1.9959211388888891
2051.0,3.6029,-1.3,1.2552557222222223,1.9959211388888891
2052.0,3.6027,-1.3,1.2548946111111112,1.9959211388888891
2053.0,3.6025,-1.3,1.2545335,1.9959211388888891
2054.0,3.6024,-1.3,1.254172388888889,1.9959211388888891
2055.0,3.6023,-1.3001,1.253811277777778,1.9959211388888891
2056.0,3.602,-1.3,1.2534501388888888,1.9959211388888891
2057.0,3.6018,-1.3,1.2530890277777778,1.9959211388888891
2058.0,3.6016,-1.3001,1.2527279166666667,1.9959211388888891
2059.0,3.6015,-1.3001,1.2523667777777778,1.9959211388888891
2060.0,3.6013,-1.3001,1.252005638888889,1.9959211388888891
2061.0,3.6013,-1.3,1.2516445,1.9959211388888891
2062.0,3.6012,-1.3001,1.251283388888889,1.9959211388888891
2063.0,3.6009,-1.3001,1.25092225,1.9959211388888891
2064.0,3.6008,-1.3001,1.250561111111111,1.9959211388888891
2065.0,3.6005,-1.3,1.2501999722222221,1.9959211388888891
2066.0,3.6005,-1.3001,1.249838861111111,1.9959211388888891
2067.0,3.5999,-1.3,1.2494777222222222,1.9959211388888891
2068.0,3.6,-1.3,1.249116611111111,1.9959211388888891
2069.0,3.5997,-1.3001,1.2487555,1.9959211388888891
2070.0,3.5996,-1.3,1.248394361111111,1.9959211388888891
2071.0,3.5993,-1.3001,1.24803325,1.9959211388888891
2072.0,3.5991,-1.3,1.247672111111111,1.9959211388888891
2073.0,3.5991,-1.3001,1.2473109999999998,1.9959211388888891
2074.0,3.599,-1.3,1.2469498611111112,1.9959211388888891
2075.0,3.5989,-1.3001,1.24658875,1.9959211388888891
2076.0,3.5988,-1.3,1.246227611111111,1.9959211388888891
2077.0,3.5986,-1.3,1.2458665,1.9959211388888891
2078.0,3.5982,-1.3,1.2455053888888887,1.9959211388888891
2079.0,3.5982,-1.3001,1.2451442777777777,1.9959211388888891
2080.0,3.5978,-1.2999,1.2447831388888888,1.9959211388888891
2081.0,3.5978,-1.3001,1.2444220555555556,1.9959211388888891
2082.0,3.5977,-1.2999,1.2440609166666667,1.9959211388888891
2083.0,3.5975,-1.2999,1.2436998333333333,1.9959211388888891
2084.0,3.5973,-1.3001,1.24333875,1.9959211388888891
2085.0,3.597,-1.3,1.242977611111111,1.9959211388888891
2086.0,3.5968,-1.3,1.2426165,1.9959211388888891
2087.0,3.5967,-1.3,1.242255388888889,1.9959211388888891
2088.0,3.5965,-1.3,1.2418942777777777,1.9959211388888891
2089.0,3.5965,-1.3,1.2415331666666667,1.9959211388888891
2090.0,3.5964,-1.3,1.2411720555555557,1.9959211388888891
2091.0,3.5963,-1.3,1.2408109444444444,1.9959211388888891
2092.0,3.596,-1.3001,1.2404498333333334,1.9959211388888891
2093.0,3.5958,-1.3,1.2400886944444445,1.9959211388888891
2094.0,3.5956,-1.3001,1.2397275833333334,1.9959211388888891
2095.0,3.5956,-1.3,1.2393664444444445,1.9959211388888891
2096.0,3.5954,-1.3001,1.2390053333333333,1.9959211388888891
2097.0,3.5949,-1.3,1.2386441944444444,1.9959211388888891
2098.0,3.5948,-1.2999,1.2382830833333334,1.9959211388888891
2099.0,3.5948,-1.3,1.237922,1.9959211388888891
2100.0,3.5946,-1.2999,1.237560888888889,1.9959211388888891
2101.0,3.5945,-1.3,1.2371998055555555,1.9959211388888891
2102.0,3.5944,-1.3,1.2368386944444445,1.9959211388888891
2103.0,3.5943,-1.3,1.2364775833333335,1.9959211388888891
2104.0,3.5941,-1.2999,1.2361164722222222,1.9959211388888891
2105.0,3.5938,-1.3001,1.2357553888888888,1.9959211388888891
2106.0,3.5939,-1.3,1.2353942500000001,1.9959211388888891
2107.0,3.5934,-1.3,1.2350331388888889,1.9959211388888891
2108.0,3.5933,-1.3002,1.2346720277777778,1.9959211388888891
2109.0,3.5931,-1.3002,1.234310861111111,1.9959211388888891
2110.0,3.5929,-1.3,1.2339496944444446,1.9959211388888891
2111.0,3.5929,-1.3002,1.2335885833333333,1.9959211388888891
2112.0,3.5927,-1.3001,1.2332274166666668,1.9959211388888891
2113.0,3.5923,-1.3001,1.232866277777778,1.9959211388888891
2114.0,3.5924,-1.3002,1.232505138888889,1.9959211388888891
2115.0,3.5922,-1.3001,1.2321439722222223,1.9959211388888891
2116.0,3.592,-1.3001,1.2317828333333334,1.9959211388888891
2117.0,3.5917,-1.3001,1.2314216944444445,1.9959211388888891
2118.0,3.5917,-1.3,1.2310605555555556,1.9959211388888891
2119.0,3.5913,-1.3,1.2306994444444446,1.9959211388888891
2120.0,3.5913,-1.3001,1.2303383333333335,1.9959211388888891
2121.0,3.5913,-1.3001,1.2299771944444444,1.9959211388888891
2122.0,3.591,-1.3,1.2296160555555558,1.9959211388888891
2123.0,3.5908,-1.2999,1.2292549444444445,1.9959211388888891
2124.0,3.5907,-1.3,1.228893861111111,1.9959211388888891
2125.0,3.5905,-1.3001,1.22853275,1.9959211388888891
2126.0,3.5905,-1.3,1.2281716111111112,1.9959211388888891
2127.0,3.5901,-1.3001,1.2278105000000001,1.9959211388888891
2128.0,3.5899,-1.2999,1.2274493611111112,1.9959211388888891
2129.0,3.5898,-1.3001,1.2270882777777778,1.9959211388888891
2130.0,3.5897,-1.3,1.226727138888889,1.9959211388888891
2131.0,3.5895,-1.3001,1.226366027777778,1.9959211388888891
2132.0,3.5893,-1.3001,1.2260048888888888,1.9959211388888891
2133.0,3.5892,-1.3,1.2256437500000001,1.9959211388888891
2134.0,3.5889,-1.3001,1.2252826388888889,1.9959211388888891
2135.0,3.5887,-1.3001,1.2249215,1.9959211388888891
2136.0,3.5887,-1.3,1.224560361111111,1.9959211388888891
2137.0,3.5885,-1.3001,1.22419925,1.9959211388888891
2138.0,3.5883,-1.2999,1.2238381111111112,1.9959211388888891
2139.0,3.5881,-1.3,1.2234770277777778,1.9959211388888891
2140.0,3.588,-1.3001,1.2231159166666667,1.9959211388888891
2141.0,3.5879,-1.2999,1.2227547777777779,1.9959211388888891
2142.0,3.5876,-1.3002,1.2223936944444445,1.9959211388888891
2143.0,3.5875,-1.3,1.222032527777778,1.9959211388888891
2144.0,3.5872,-1.3001,1.2216714166666667,1.9959211388888891
2145.0,3.587,-1.3001,1.221310277777778,1.9959211388888891
2146.0,3.5869,-1.3,1.220949138888889,1.9959211388888891
2147.0,3.587,-1.3001,1.2205880277777779,1.9959211388888891
2148.0,3.5867,-1.3,1.220226888888889,1.9959211388888891
2149.0,3.5866,-1.3,1.2198657777777777,1.9959211388888891
2150.0,3.5863,-1.3001,1.219504666666667,1.9959211388888891
2151.0,3.5862,-1.3001,1.2191435277777778,1.9959211388888891
2152.0,3.5859,-1.3,1.2187823888888891,1.9959211388888891
2153.0,3.5859,-1.3,1.2184212777777779,1.9959211388888891
2154.0,3.5859,-1.3,1.2180601666666668,1.9959211388888891
2155.0,3.5854,-1.3,1.2176990555555558,1.9959211388888891
2156.0,3.5854,-1.3,1.2173379444444445,1.9959211388888891
2157.0,3.5853,-1.3,1.2169768333333335,1.9959211388888891
2158.0,3.5851,-1.3001,1.2166157222222225,1.9959211388888891
2159.0,3.5851,-1.3001,1.2162545833333334,1.9959211388888891
2160.0,3.5847,-1.2999,1.2158934444444447,1.9959211388888891
2161.0,3.5848,-1.3,1.2155323611111113,1.9959211388888891
2162.0,3.5843,-1.3,1.21517125,1.9959211388888891
2163.0,3.5842,-1.3001,1.214810138888889,1.9959211388888891
2164.0,3.584,-1.3,1.2144490000000001,1.9959211388888891
2165.0,3.5839,-1.3002,1.214087888888889,1.9959211388888891
2166.0,3.5836,-1.3,1.2137267222222223,1.9959211388888891
2167.0,3.5836,-1.3001,1.2133656111111113,1.9959211388888891
2168.0,3.5834,-1.3001,1.2130044722222224,1.9959211388888891
2169.0,3.5833,-1.3,1.2126433333333335,1.9959211388888891
2170.0,3.5831,-1.3001,1.2122822222222223,1.9959211388888891
2171.0,3.5829,-1.3001,1.2119210833333334,1.9959211388888891
2172.0,3.5826,-1.3,1.2115599444444445,1.9959211388888891
2173.0,3.5826,-1.3001,1.2111988333333334,1.9959211388888891
2174.0,3.5824,-1.2999,1.2108376944444446,1.9959211388888891
2175.0,3.5821,-1.3,1.2104766111111112,1.9959211388888891
2176.0,3.5822,-1.3001,1.2101155000000001,1.9959211388888891
2177.0,3.5819,-1.3001,1.2097543611111112,1.9959211388888891
2178.0,3.5819,-1.3,1.2093932222222223,1.9959211388888891
2179.0,3.5817,-1.2999,1.2090321111111113,1.9959211388888891
2180.0,3.5815,-1.3,1.208671027777778,1.9959211388888891
2181.0,3.5814,-1.3,1.2083099166666669,1.9959211388888891
2182.0,3.5809,-1.3002,1.2079488055555556,1.9959211388888891
2183.0,3.5808,-1.3001,1.207587638888889,1.9959211388888891
2184.0,3.5806,-1.3,1.2072265000000002,1.9959211388888891
2185.0,3.5808,-1.3,1.206865388888889,1.9959211388888891
2186.0,3.5804,-1.3,1.206504277777778,1.9959211388888891
2187.0,3.5803,-1.3001,1.2061431666666669,1.9959211388888891
2188.0,3.58,-1.3001,1.205782027777778,1.9959211388888891
2189.0,3.5801,-1.3001,1.205420888888889,1.9959211388888891
2190.0,3.5799,-1.3001,1.2050597500000002,1.9959211388888891
2191.0,3.5798,-1.3,1.2046986111111113,1.9959211388888891
2192.0,3.5794,-1.3,1.2043375000000003,1.9959211388888891
2193.0,3.5795,-1.3001,1.203976388888889,1.9959211388888891
2194.0,3.5792,-1.3001,1.2036152500000004,1.9959211388888891
2195.0,3.5791,-1.3,1.2032541111111112,1.9959211388888891
2196.0,3.5789,-1.3001,1.2028930000000002,1.9959211388888891
2197.0,3.5786,-1.3,1.2025318611111113,1.9959211388888891
2198.0,3.5788,-1.3,1.20217075,1.9959211388888891
2199.0,3.5783,-1.3,1.201809638888889,1.9959211388888891
2200.0,3.5784,-1.3,1.201448527777778,1.9959211388888891
2201.0,3.5781,-1.3,1.2010874166666667,1.9959211388888891
2202.0,3.5777,-1.3,1.2007263055555557,1.9959211388888891
2203.0,3.5778,-1.3,1.2003651944444447,1.9959211388888891
2204.0,3.5778,-1.3001,1.2000040833333334,1.9959211388888891
2205.0,3.5772,-1.3,1.1996429444444447,1.9959211388888891
2206.0,3.5771,-1.3,1.1992818333333335,1.9959211388888891
2207.0,3.577,-1.3001,1.1989207222222225,1.9959211388888891
2208.0,3.5771,-1.3,1.1985595833333336,1.9959211388888891
2209.0,3.5766,-1.3,1.1981984722222223,1.9959211388888891
2210.0,3.5768,-1.3001,1.1978373611111113,1.9959211388888891
2211.0,3.5767,-1.3,1.1974762222222224,1.9959211388888891
2212.0,3.5763,-1.3,1.1971151111111111,1.9959211388888891
2213.0,3.5761,-1.3,1.196754,1.9959211388888891
2214.0,3.5759,-1.3,1.196392888888889,1.9959211388888891
2215.0,3.576,-1.3001,1.1960317777777778,1.9959211388888891
2216.0,3.5758,-1.3,1.1956706388888891,1.9959211388888891
2217.0,3.5754,-1.3001,1.1953095277777779,1.9959211388888891
2218.0,3.5753,-1.3,1.194948388888889,1.9959211388888891
2219.0,3.5751,-1.3,1.194587277777778,1.9959211388888891
2220.0,3.5747,-1.3,1.1942261666666667,1.9959211388888891
2221.0,3.5749,-1.3,1.1938650555555557,1.9959211388888891
2222.0,3.5745,-1.3,1.1935039444444446,1.9959211388888891
2223.0,3.5745,-1.3001,1.1931428333333334,1.9959211388888891
2224.0,3.5744,-1.3,1.1927816944444445,1.9959211388888891
2225.0,3.5741,-1.3,1.1924205833333335,1.9959211388888891
2226.0,3.5739,-1.2999,1.1920594722222224,1.9959211388888891
2227.0,3.5739,-1.3,1.191698388888889,1.9959211388888891
2228.0,3.5737,-1.3,1.191337277777778,1.9959211388888891
2229.0,3.5734,-1.3001,1.1909761666666667,1.9959211388888891
2230.0,3.5733,-1.3,1.1906150277777778,1.9959211388888891
2231.0,3.5732,-1.3,1.1902539166666668,1.9959211388888891
2232.0,3.5731,-1.3,1.1898928055555558,1.9959211388888891
2233.0,3.573,-1.2999,1.1895316944444445,1.9959211388888891
2234.0,3.573,-1.3002,1.1891706111111113,1.9959211388888891
2235.0,3.5728,-1.3,1.1888094444444446,1.9959211388888891
2236.0,3.5724,-1.3001,1.1884483333333336,1.9959211388888891
2237.0,3.5722,-1.3,1.1880871944444447,1.9959211388888891
2238.0,3.5722,-1.3001,1.1877260833333334,1.9959211388888891
2239.0,3.5719,-1.3,1.1873649444444445,1.9959211388888891
2240.0,3.5716,-1.3,1.1870038333333335,1.9959211388888891
2241.0,3.5716,-1.3001,1.1866427222222224,1.9959211388888891
2242.0,3.5715,-1.3001,1.1862815833333336,1.9959211388888891
2243.0,3.5715,-1.3,1.1859204444444447,1.9959211388888891
2244.0,3.5712,-1.3,1.1855593333333334,1.9959211388888891
2245.0,3.5712,-1.3,1.1851982222222224,1.9959211388888891
2246.0,3.5708,-1.3,1.1848371111111113,1.9959211388888891
2247.0,3.5706,-1.3,1.184476,1.9959211388888891
2248.0,3.5704,-1.3001,1.184114888888889,1.9959211388888891
2249.0,3.5704,-1.3,1.1837537500000002,1.9959211388888891
2250.0,3.5701,-1.3,1.1833926388888891,1.9959211388888891
2251.0,3.5702,-1.3001,1.183031527777778,1.9959211388888891
2252.0,3.57,-1.3,1.182670388888889,1.9959211388888891
2253.0,3.5698,-1.3001,1.182309277777778,1.9959211388888891
2254.0,3.5696,-1.3,1.181948138888889,1.9959211388888891
2255.0,3.5693,-1.3001,1.1815870277777778,1.9959211388888891
2256.0,3.5695,-1.3,1.1812258888888891,1.9959211388888891
2257.0,3.569,-1.3,1.1808647777777779,1.9959211388888891
2258.0,3.5689,-1.3,1.1805036666666668,1.9959211388888891
2259.0,3.5688,-1.3001,1.1801425555555558,1.9959211388888891
2260.0,3.5688,-1.3001,1.1797814166666667,1.9959211388888891
2261.0,3.5686,-1.3001,1.179420277777778,1.9959211388888891
2262.0,3.5681,-1.3,1.179059138888889,1.9959211388888891
2263.0,3.5683,-1.3,1.1786980277777779,1.9959211388888891
2264.0,3.5681,-1.3,1.1783369166666668,1.9959211388888891
2265.0,3.5678,-1.3001,1.1779758055555556,1.9959211388888891
2266.0,3.5676,-1.3,1.177614666666667,1.9959211388888891
2267.0,3.5675,-1.3,1.1772535555555557,1.9959211388888891
2268.0,3.5673,-1.3001,1.1768924444444446,1.9959211388888891
2269.0,3.5672,-1.3,1.1765313055555557,1.9959211388888891
2270.0,3.5671,-1.3,1.1761701944444445,1.9959211388888891
2271.0,3.567,-1.3001,1.1758090833333334,1.9959211388888891
2272.0,3.5669,-1.3,1.1754479444444446,1.9959211388888891
2273.0,3.5666,-1.3001,1.1750868333333335,1.9959211388888891
2274.0,3.5663,-1.3001,1.1747256944444446,1.9959211388888891
2275.0,3.5663,-1.3001,1.1743645555555557,1.9959211388888891
2276.0,3.566,-1.3001,1.1740034166666669,1.9959211388888891
2277.0,3.566,-1.3,1.173642277777778,1.9959211388888891
2278.0,3.5658,-1.3,1.173281166666667,1.9959211388888891
2279.0,3.5658,-1.3001,1.1729200555555557,1.9959211388888891
2280.0,3.5656,-1.3001,1.1725589166666668,1.9959211388888891
2281.0,3.5654,-1.3,1.172197777777778,1.9959211388888891
2282.0,3.565,-1.3,1.1718366666666669,1.9959211388888891
2283.0,3.5651,-1.3001,1.1714755555555558,1.9959211388888891
2284.0,3.565,-1.3,1.1711144166666667,1.9959211388888891
2285.0,3.5648,-1.3,1.1707533055555557,1.9959211388888891
2286.0,3.5646,-1.3001,1.1703921944444446,1.9959211388888891
2287.0,3.5644,-1.3,1.1700310555555558,1.9959211388888891
2288.0,3.5644,-1.3,1.1696699444444447,1.9959211388888891
2289.0,3.564,-1.3,1.1693088333333335,1.9959211388888891
2290.0,3.5638,-1.3001,1.1689477222222224,1.9959211388888891
2291.0,3.5636,-1.3001,1.1685865833333335,1.9959211388888891
2292.0,3.5635,-1.2999,1.1682254444444446,1.9959211388888891
2293.0,3.5633,-1.3,1.1678643611111112,1.9959211388888891
2294.0,3.5631,-1.3,1.1675032500000002,1.9959211388888891
2295.0,3.5632,-1.3,1.167142138888889,1.9959211388888891
2296.0,3.5627,-1.3001,1.166781027777778,1.9959211388888891
2297.0,3.5629,-1.3001,1.166419888888889,1.9959211388888891
2298.0,3.5626,-1.3001,1.1660587500000001,1.9959211388888891
2299.0,3.5626,-1.3001,1.1656976111111113,1.9959211388888891
2300.0,3.5624,-1.3,1.1653364722222224,1.9959211388888891
2301.0,3.562,-1.3,1.1649753611111113,1.9959211388888891
2302.0,3.5619,-1.3,1.16461425,1.9959211388888891
2303.0,3.5619,-1.3001,1.164253138888889,1.9959211388888891
2304.0,3.5616,-1.3001,1.1638920000000001,1.9959211388888891
2305.0,3.5617,-1.3001,1.1635308611111113,1.9959211388888891
2306.0,3.5614,-1.3001,1.1631697222222224,1.9959211388888891
2307.0,3.5613,-1.3001,1.1628085833333335,1.9959211388888891
2308.0,3.5612,-1.3,1.1624474444444446,1.9959211388888891
2309.0,3.5609,-1.3001,1.1620863333333333,1.9959211388888891
2310.0,3.5607,-1.3,1.1617251944444447,1.9959211388888891
2311.0,3.5606,-1.3001,1.1613640833333334,1.9959211388888891
2312.0,3.5606,-1.3,1.1610029444444445,1.9959211388888891
2313.0,3.5603,-1.3001,1.1606418333333335,1.9959211388888891
2314.0,3.5602,-1.3001,1.1602806944444446,1.9959211388888891
2315.0,3.5598,-1.3,1.1599195555555557,1.9959211388888891
2316.0,3.5599,-1.3,1.1595584444444444,1.9959211388888891
2317.0,3.5596,-1.3,1.1591973333333334,1.9959211388888891
2318.0,3.5595,-1.3001,1.1588362222222224,1.9959211388888891
2319.0,3.5594,-1.3,1.1584750833333335,1.9959211388888891
2320.0,3.5593,-1.3,1.1581139722222225,1.9959211388888891
2321.0,3.5591,-1.2999,1.1577528611111112,1.9959211388888891
2322.0,3.559,-1.2999,1.1573917777777778,1.9959211388888891
2323.0,3.5585,-1.3,1.1570306944444446,1.9959211388888891
2324.0,3.5585,-1.3001,1.1566695833333336,1.9959211388888891
2325.0,3.5584,-1.3,1.1563084444444445,1.9959211388888891
2326.0,3.5582,-1.3,1.1559473333333337,1.9959211388888891
2327.0,3.5582,-1.3001,1.1555862222222224,1.9959211388888891
2328.0,3.558,-1.3,1.1552250833333335,1.9959211388888891
2329.0,3.5579,-1.3001,1.1548639722222225,1.9959211388888891
2330.0,3.558,-1.3,1.1545028333333334,1.9959211388888891
2331.0,3.5577,-1.3001,1.1541417222222223,1.9959211388888891
2332.0,3.5573,-1.3001,1.1537805833333334,1.9959211388888891
2333.0,3.5572,-1.3,1.1534194444444446,1.9959211388888891
2334.0,3.5571,-1.3001,1.1530583333333335,1.9959211388888891
2335.0,3.557,-1.3001,1.1526971944444446,1.9959211388888891
2336.0,3.5568,-1.3001,1.1523360555555557,1.9959211388888891
2337.0,3.5565,-1.3,1.1519749166666668,1.9959211388888891
2338.0,3.5563,-1.3,1.1516138055555558,1.9959211388888891
2339.0,3.5564,-1.3,1.1512526944444446,1.9959211388888891
2340.0,3.5563,-1.3,1.1508915833333335,1.9959211388888891
2341.0,3.556,-1.3002,1.1505304722222225,1.9959211388888891
2342.0,3.556,-1.3,1.1501693055555557,1.9959211388888891
2343.0,3.5558,-1.3,1.1498081944444447,1.9959211388888891
2344.0,3.5552,-1.3001,1.1494470833333335,1.9959211388888891
2345.0,3.5555,-1.3001,1.1490859444444448,1.9959211388888891
2346.0,3.5552,-1.3,1.1487248055555557,1.9959211388888891
2347.0,3.5551,-1.3,1.1483636944444446,1.9959211388888891
2348.0,3.5549,-1.3002,1.1480025833333336,1.9959211388888891
2349.0,3.5548,-1.3001,1.1476414166666669,1.9959211388888891
2350.0,3.5546,-1.3,1.147280277777778,1.9959211388888891
2351.0,3.5546,-1.3,1.146919166666667,1.9959211388888891
2352.0,3.5542,-1.3001,1.1465580555555557,1.9959211388888891
2353.0,3.5543,-1.3,1.1461969166666668,1.9959211388888891
2354.0,3.5541,-1.3001,1.1458358055555558,1.9959211388888891
2355.0,3.5541,-1.3001,1.1454746666666669,1.9959211388888891
2356.0,3.5537,-1.3001,1.145113527777778,1.9959211388888891
2357.0,3.5536,-1.3,1.144752388888889,1.9959211388888891
2358.0,3.5535,-1.3,1.1443912777777778,1.9959211388888891
2359.0,3.5532,-1.3,1.1440301666666668,1.9959211388888891
2360.0,3.5533,-1.3001,1.1436690555555558,1.9959211388888891
2361.0,3.5529,-1.3,1.1433079166666669,1.9959211388888891
2362.0,3.5526,-1.3001,1.1429468055555558,1.9959211388888891
2363.0,3.5526,-1.3,1.1425856666666667,1.9959211388888891
2364.0,3.5526,-1.3001,1.1422245555555557,1.9959211388888891
2365.0,3.5524,-1.3001,1.1418634166666668,1.9959211388888891
2366.0,3.5523,-1.3,1.141502277777778,1.9959211388888891
2367.0,3.552,-1.3001,1.1411411666666669,1.9959211388888891
2368.0,3.552,-1.3,1.140780027777778,1.9959211388888891
2369.0,3.5517,-1.2999,1.140418916666667,1.9959211388888891
2370.0,3.5517,-1.2999,1.1400578333333335,1.9959211388888891
2371.0,3.5514,-1.3,1.1396967500000001,1.9959211388888891
2372.0,3.5513,-1.3,1.139335638888889,1.9959211388888891
2373.0,3.5511,-1.3,1.1389745277777779,1.9959211388888891
2374.0,3.5511,-1.3,1.1386134166666668,1.9959211388888891
2375.0,3.5508,-1.3,1.1382523055555556,1.9959211388888891
2376.0,3.5506,-1.3001,1.1378911944444445,1.9959211388888891
2377.0,3.5505,-1.3,1.1375300555555556,1.9959211388888891
2378.0,3.5503,-1.3,1.1371689444444446,1.9959211388888891
2379.0,3.5503,-1.3001,1.1368078333333336,1.9959211388888891
2380.0,3.55,-1.3001,1.1364466944444445,1.9959211388888891
2381.0,3.5498,-1.3,1.1360855555555558,1.9959211388888891
2382.0,3.5499,-1.3001,1.1357244444444445,1.9959211388888891
2383.0,3.5498,-1.3,1.1353633055555556,1.9959211388888891
2384.0,3.5497,-1.3001,1.1350021944444446,1.9959211388888891
2385.0,3.5495,-1.2999,1.1346410555555557,1.9959211388888891
2386.0,3.5492,-1.3,1.1342799722222223,1.9959211388888891
2387.0,3.5491,-1.3001,1.1339188611111113,1.9959211388888891
2388.0,3.5489,-1.3001,1.1335577222222224,1.9959211388888891
2389.0,3.5486,-1.3,1.1331965833333335,1.9959211388888891
2390.0,3.5487,-1.3,1.1328354722222223,1.9959211388888891
2391.0,3.5486,-1.3001,1.1324743611111112,1.9959211388888891
2392.0,3.5484,-1.3001,1.1321132222222223,1.9959211388888891
2393.0,3.5484,-1.3001,1.1317520833333334,1.9959211388888891
2394.0,3.5481,-1.3,1.1313909444444445,1.9959211388888891
2395.0,3.5478,-1.3001,1.1310298333333335,1.9959211388888891
2396.0,3.5479,-1.3001,1.1306686944444446,1.9959211388888891
2397.0,3.5476,-1.3001,1.1303075555555557,1.9959211388888891
2398.0,3.5475,-1.3,1.1299464166666668,1.9959211388888891
2399.0,3.5472,-1.3,1.1295853055555556,1.9959211388888891
2400.0,3.547,-1.3,1.1292241944444446,1.9959211388888891
2401.0,3.5469,-1.3,1.1288630833333335,1.9959211388888891
2402.0,3.5469,-1.3002,1.1285019722222223,1.9959211388888891
2403.0,3.5467,-1.3001,1.1281408055555557,1.9959211388888891
2404.0,3.5466,-1.3001,1.1277796666666668,1.9959211388888891
2405.0,3.5463,-1.3,1.127418527777778,1.9959211388888891
2406.0,3.5462,-1.3,1.1270574166666667,1.9959211388888891
2407.0,3.546,-1.3001,1.1266963055555557,1.9959211388888891
2408.0,3.5459,-1.3001,1.1263351666666668,1.9959211388888891
2409.0,3.5458,-1.3,1.1259740277777779,1.9959211388888891
2410.0,3.5451,-1.3,1.1256129166666669,1.9959211388888891
2411.0,3.5454,-1.3,1.1252518055555556,1.9959211388888891
2412.0,3.5453,-1.3002,1.1248906944444446,1.9959211388888891
2413.0,3.5452,-1.3,1.1245295277777778,1.9959211388888891
2414.0,3.5451,-1.3,1.1241684166666668,1.9959211388888891
2415.0,3.5447,-1.3,1.1238073055555557,1.9959211388888891
2416.0,3.5447,-1.3001,1.1234461944444445,1.9959211388888891
2417.0,3.5444,-1.3,1.1230850555555558,1.9959211388888891
2418.0,3.5445,-1.3,1.1227239444444446,1.9959211388888891
2419.0,3.5443,-1.3001,1.1223628333333335,1.9959211388888891
2420.0,3.5443,-1.3,1.1220016944444446,1.9959211388888891
2421.0,3.5438,-1.3,1.1216405833333334,1.9959211388888891
2422.0,3.5438,-1.3001,1.1212794722222224,1.9959211388888891
2423.0,3.5441,-1.3001,1.1209183333333335,1.9959211388888891
2424.0,3.5437,-1.3001,1.1205571944444446,1.9959211388888891
2425.0,3.5434,-1.3,1.1201960555555557,1.9959211388888891
2426.0,3.5433,-1.2999,1.1198349444444446,1.9959211388888891
2427.0,3.543,-1.3001,1.1194738611111112,1.9959211388888891
2428.0,3.543,-1.3,1.1191127222222224,1.9959211388888891
2429.0,3.543,-1.3002,1.1187516111111113,1.9959211388888891
2430.0,3.5427,-1.3,1.1183904444444446,1.9959211388888891
2431.0,3.5425,-1.3,1.1180293333333335,1.9959211388888891
2432.0,3.5426,-1.3001,1.1176682222222223,1.9959211388888891
2433.0,3.5423,-1.2999,1.1173070833333334,1.9959211388888891
2434.0,3.5422,-1.3,1.116946,1.9959211388888891
2435.0,3.5418,-1.3,1.116584888888889,1.9959211388888891
2436.0,3.5418,-1.3,1.116223777777778,1.9959211388888891
2437.0,3.5414,-1.3,1.1158626666666667,1.9959211388888891
2438.0,3.5413,-1.3,1.1155015555555556,1.9959211388888891
2439.0,3.5413,-1.3,1.1151404444444446,1.9959211388888891
2440.0,3.5414,-1.3,1.1147793333333333,1.9959211388888891
2441.0,3.5412,-1.3001,1.1144182222222223,1.9959211388888891
2442.0,3.541,-1.3,1.1140570833333334,1.9959211388888891
2443.0,3.5408,-1.3001,1.1136959722222224,1.9959211388888891
2444.0,3.5408,-1.3001,1.1133348333333335,1.9959211388888891
2445.0,3.5403,-1.3,1.1129736944444446,1.9959211388888891
2446.0,3.5405,-1.3001,1.1126125833333333,1.9959211388888891
2447.0,3.5401,-1.3,1.1122514444444445,1.9959211388888891
2448.0,3.5402,-1.3001,1.1118903333333334,1.9959211388888891
2449.0,3.5399,-1.3,1.1115291944444445,1.9959211388888891
2450.0,3.54,-1.2999,1.1111680833333335,1.9959211388888891
2451.0,3.5395,-1.3,1.110807,1.9959211388888891
2452.0,3.5396,-1.3001,1.110445888888889,1.9959211388888891
2453.0,3.5392,-1.3001,1.1100847500000002,1.9959211388888891
2454.0,3.5391,-1.3,1.1097236111111113,1.9959211388888891
2455.0,3.539,-1.3001,1.1093625,1.9959211388888891
2456.0,3.539,-1.3,1.1090013611111111,1.9959211388888891
2457.0,3.539,-1.3,1.10864025,1.9959211388888891
2458.0,3.5388,-1.3,1.108279138888889,1.9959211388888891
2459.0,3.5383,-1.2999,1.1079180277777778,1.9959211388888891
2460.0,3.5381,-1.3001,1.1075569444444446,1.9959211388888891
2461.0,3.5385,-1.3,1.1071958055555557,1.9959211388888891
2462.0,3.5381,-1.3,1.1068346944444445,1.9959211388888891
2463.0,3.5382,-1.3,1.1064735833333335,1.9959211388888891
2464.0,3.5379,-1.3,1.1061124722222224,1.9959211388888891
2465.0,3.5376,-1.3,1.1057513611111112,1.9959211388888891
2466.0,3.5374,-1.3001,1.1053902500000001,1.9959211388888891
2467.0,3.5373,-1.3001,1.1050291111111112,1.9959211388888891
2468.0,3.5369,-1.3001,1.1046679722222223,1.9959211388888891
2469.0,3.5371,-1.3001,1.1043068333333335,1.9959211388888891
2470.0,3.5367,-1.3001,1.1039456944444446,1.9959211388888891
2471.0,3.5367,-1.3001,1.1035845555555557,1.9959211388888891
2472.0,3.5366,-1.3,1.1032234166666668,1.9959211388888891
2473.0,3.5364,-1.3001,1.1028623055555558,1.9959211388888891
2474.0,3.5361,-1.3001,1.1025011666666669,1.9959211388888891
2475.0,3.5363,-1.3001,1.102140027777778,1.9959211388888891
2476.0,3.5361,-1.3,1.101778888888889,1.9959211388888891
2477.0,3.5356,-1.3,1.1014177777777778,1.9959211388888891
2478.0,3.5355,-1.2999,1.1010566666666668,1.9959211388888891
2479.0,3.5353,-1.3001,1.1006955833333334,1.9959211388888891
2480.0,3.5355,-1.3001,1.1003344444444445,1.9959211388888891
2481.0,3.5355,-1.3,1.0999733055555558,1.9959211388888891
2482.0,3.5349,-1.3001,1.0996121944444446,1.9959211388888891
2483.0,3.535,-1.3,1.0992510555555557,1.9959211388888891
2484.0,3.5347,-1.3001,1.0988899444444447,1.9959211388888891
2485.0,3.5348,-1.3001,1.0985288055555558,1.9959211388888891
2486.0,3.5345,-1.3,1.0981676666666669,1.9959211388888891
2487.0,3.5345,-1.3001,1.0978065555555556,1.9959211388888891
2488.0,3.5343,-1.3,1.097445416666667,1.9959211388888891
2489.0,3.534,-1.3,1.0970843055555557,1.9959211388888891
2490.0,3.5339,-1.3,1.0967231944444447,1.9959211388888891
2491.0,3.534,-1.3,1.0963620833333336,1.9959211388888891
2492.0,3.5337,-1.3,1.0960009722222224,1.9959211388888891
2493.0,3.5336,-1.3,1.0956398611111113,1.9959211388888891
2494.0,3.5334,-1.3,1.0952787500000003,1.9959211388888891
2495.0,3.5333,-1.3001,1.094917638888889,1.9959211388888891
2496.0,3.5333,-1.3001,1.0945565000000002,1.9959211388888891
2497.0,3.5331,-1.3001,1.0941953611111113,1.9959211388888891
2498.0,3.5329,-1.3,1.0938342222222224,1.9959211388888891
2499.0,3.5328,-1.3,1.0934731111111113,1.9959211388888891
2500.0,3.5324,-1.3,1.093112,1.9959211388888891
2501.0,3.5322,-1.3,1.092750888888889,1.9959211388888891
2502.0,3.5323,-1.3,1.092389777777778,1.9959211388888891
2503.0,3.5321,-1.3001,1.0920286666666668,1.9959211388888891
2504.0,3.532,-1.3,1.0916675277777779,1.9959211388888891
2505.0,3.5319,-1.3001,1.0913064166666668,1.9959211388888891
2506.0,3.5318,-1.3001,1.090945277777778,1.9959211388888891
2507.0,3.5315,-1.3001,1.090584138888889,1.9959211388888891
2508.0,3.5311,-1.3,1.0902230000000002,1.9959211388888891
2509.0,3.5311,-1.3001,1.0898618888888891,1.9959211388888891
2510.0,3.531,-1.3,1.08950075,1.9959211388888891
2511.0,3.5311,-1.3001,1.089139638888889,1.9959211388888891
2512.0,3.5309,-1.3,1.0887785,1.9959211388888891
2513.0,3.5305,-1.3001,1.0884173888888888,1.9959211388888891
2514.0,3.5305,-1.3001,1.0880562500000002,1.9959211388888891
2515.0,3.5306,-1.3001,1.087695111111111,1.9959211388888891
2516.0,3.53,-1.3,1.0873339722222224,1.9959211388888891
2517.0,3.5304,-1.3001,1.0869728611111111,1.9959211388888891
2518.0,3.53,-1.3001,1.0866117222222222,1.9959211388888891
2519.0,3.53,-1.3001,1.0862505833333334,1.9959211388888891
2520.0,3.5296,-1.3,1.0858894444444445,1.9959211388888891
2521.0,3.5295,-1.3,1.0855283333333334,1.9959211388888891
2522.0,3.5294,-1.3,1.0851672222222222,1.9959211388888891
2523.0,3.5294,-1.3002,1.0848061111111111,1.9959211388888891
2524.0,3.5293,-1.3001,1.0844449444444444,1.9959211388888891
2525.0,3.5289,-1.3001,1.0840838055555557,1.9959211388888891
2526.0,3.5289,-1.3,1.0837226666666666,1.9959211388888891
2527.0,3.5286,-1.3,1.0833615555555556,1.9959211388888891
2528.0,3.5285,-1.3001,1.0830004444444445,1.9959211388888891
2529.0,3.5283,-1.3001,1.0826393055555557,1.9959211388888891
2530.0,3.5282,-1.3001,1.0822781666666668,1.9959211388888891
2531.0,3.5281,-1.3001,1.0819170277777779,1.9959211388888891
2532.0,3.528,-1.3001,1.081555888888889,1.9959211388888891
2533.0,3.5279,-1.3001,1.08119475,1.9959211388888891
2534.0,3.5277,-1.3,1.0808336111111112,1.9959211388888891
2535.0,3.5277,-1.3001,1.0804725000000002,1.9959211388888891
2536.0,3.5275,-1.3,1.0801113611111113,1.9959211388888891
2537.0,3.5274,-1.3,1.07975025,1.9959211388888891
2538.0,3.5272,-1.2999,1.079389138888889,1.9959211388888891
2539.0,3.5269,-1.3001,1.0790280555555556,1.9959211388888891
2540.0,3.5268,-1.3,1.0786669166666667,1.9959211388888891
2541.0,3.5268,-1.3001,1.0783058055555557,1.9959211388888891
2542.0,3.5267,-1.3,1.0779446666666668,1.9959211388888891
2543.0,3.5266,-1.3001,1.0775835555555555,1.9959211388888891
2544.0,3.5264,-1.3001,1.0772224166666668,1.9959211388888891
2545.0,3.5261,-1.3001,1.076861277777778,1.9959211388888891
2546.0,3.5261,-1.3001,1.076500138888889,1.9959211388888891
2547.0,3.526,-1.3001,1.0761390000000002,1.9959211388888891
2548.0,3.5256,-1.3,1.0757778611111113,1.9959211388888891
2549.0,3.5257,-1.3,1.07541675,1.9959211388888891
2550.0,3.5254,-1.3,1.075055638888889,1.9959211388888891
2551.0,3.5255,-1.3001,1.074694527777778,1.9959211388888891
2552.0,3.5254,-1.3,1.074333388888889,1.9959211388888891
2553.0,3.525,-1.3,1.0739722777777778,1.9959211388888891
2554.0,3.5251,-1.3,1.0736111666666668,1.9959211388888891
2555.0,3.5247,-1.3,1.0732500555555557,1.9959211388888891
2556.0,3.5247,-1.3,1.0728889444444445,1.9959211388888891
2557.0,3.5244,-1.3,1.0725278333333335,1.9959211388888891
2558.0,3.5243,-1.3,1.0721667222222224,1.9959211388888891
2559.0,3.5242,-1.3001,1.0718056111111112,1.9959211388888891
2560.0,3.5241,-1.3,1.0714444722222223,1.9959211388888891
2561.0,3.5241,-1.3001,1.071083361111111,1.9959211388888891
2562.0,3.5239,-1.3001,1.0707222222222224,1.9959211388888891
2563.0,3.5237,-1.3001,1.0703610833333332,1.9959211388888891
2564.0,3.5236,-1.3,1.0699999444444446,1.9959211388888891
2565.0,3.5233,-1.3001,1.0696388333333333,1.9959211388888891
2566.0,3.5235,-1.3,1.0692776944444446,1.9959211388888891
2567.0,3.5231,-1.3001,1.0689165833333334,1.9959211388888891
2568.0,3.5229,-1.3001,1.0685554444444445,1.9959211388888891
2569.0,3.5229,-1.3001,1.0681943055555556,1.9959211388888891
2570.0,3.5227,-1.3001,1.0678331666666667,1.9959211388888891
2571.0,3.5228,-1.3001,1.0674720277777778,1.9959211388888891
2572.0,3.5224,-1.3001,1.067110888888889,1.9959211388888891
2573.0,3.5223,-1.3001,1.06674975,1.9959211388888891
2574.0,3.5221,-1.3,1.0663886111111112,1.9959211388888891
2575.0,3.5221,-1.3,1.0660275000000001,1.9959211388888891
2576.0,3.5218,-1.3,1.0656663888888889,1.9959211388888891
2577.0,3.5219,-1.3,1.0653052777777778,1.9959211388888891
2578.0,3.5216,-1.3,1.0649441666666668,1.9959211388888891
2579.0,3.5217,-1.3001,1.0645830555555555,1.9959211388888891
2580.0,3.5213,-1.3,1.0642219166666669,1.9959211388888891
2581.0,3.5213,-1.3,1.0638608055555556,1.9959211388888891
2582.0,3.5211,-1.3001,1.0634996944444444,1.9959211388888891
2583.0,3.5209,-1.3001,1.0631385555555557,1.9959211388888891
2584.0,3.5208,-1.3,1.0627774166666666,1.9959211388888891
2585.0,3.5208,-1.3001,1.0624163055555556,1.9959211388888891
2586.0,3.5204,-1.3,1.0620551666666667,1.9959211388888891
2587.0,3.5204,-1.3,1.0616940555555556,1.9959211388888891
2588.0,3.5202,-1.3,1.0613329444444446,1.9959211388888891
2589.0,3.5202,-1.3,1.0609718333333333,1.9959211388888891
2590.0,3.5199,-1.3002,1.0606107222222223,1.9959211388888891
2591.0,3.5196,-1.3001,1.0602495555555556,1.9959211388888891
2592.0,3.5196,-1.3,1.0598884166666669,1.9959211388888891
2593.0,3.5195,-1.3,1.0595273055555556,1.9959211388888891
2594.0,3.5194,-1.3001,1.0591661944444446,1.9959211388888891
2595.0,3.5193,-1.3001,1.0588050555555557,1.9959211388888891
2596.0,3.5191,-1.3,1.0584439166666668,1.9959211388888891
2597.0,3.5191,-1.3,1.0580828055555558,1.9959211388888891
2598.0,3.5191,-1.3,1.0577216944444445,1.9959211388888891
2599.0,3.519,-1.3,1.0573605833333335,1.9959211388888891
2600.0,3.5186,-1.3002,1.0569994722222222,1.9959211388888891
2601.0,3.5184,-1.3001,1.0566383055555557,1.9959211388888891
2602.0,3.5184,-1.3001,1.0562771666666668,1.9959211388888891
2603.0,3.5183,-1.3001,1.055916027777778,1.9959211388888891
2604.0,3.518,-1.3,1.055554888888889,1.9959211388888891
2605.0,3.5179,-1.3001,1.0551937777777778,1.9959211388888891
2606.0,3.5177,-1.3,1.054832638888889,1.9959211388888891
2607.0,3.5177,-1.3,1.0544715277777779,1.9959211388888891
2608.0,3.5174,-1.3001,1.0541104166666668,1.9959211388888891
2609.0,3.5174,-1.3001,1.053749277777778,1.9959211388888891
2610.0,3.5173,-1.3,1.053388138888889,1.9959211388888891
2611.0,3.5172,-1.3,1.053027027777778,1.9959211388888891
2612.0,3.517,-1.3,1.0526659166666668,1.9959211388888891
2613.0,3.5169,-1.3,1.0523048055555557,1.9959211388888891
2614.0,3.5167,-1.3,1.0519436944444447,1.9959211388888891
2615.0,3.5166,-1.3002,1.0515825833333334,1.9959211388888891
2616.0,3.5164,-1.3,1.051221416666667,1.9959211388888891
2617.0,3.5164,-1.3001,1.0508603055555557,1.9959211388888891
2618.0,3.5162,-1.3001,1.0504991666666668,1.9959211388888891
2619.0,3.5161,-1.3,1.0501380277777779,1.9959211388888891
2620.0,3.5161,-1.3001,1.0497769166666668,1.9959211388888891
2621.0,3.5158,-1.3001,1.049415777777778,1.9959211388888891
2622.0,3.5158,-1.3001,1.049054638888889,1.9959211388888891
2623.0,3.5154,-1.3001,1.0486935000000002,1.9959211388888891
2624.0,3.5153,-1.3,1.0483323611111113,1.9959211388888891
2625.0,3.5152,-1.3,1.0479712500000002,1.9959211388888891
2626.0,3.5151,-1.3,1.047610138888889,1.9959211388888891
2627.0,3.5152,-1.3001,1.047249027777778,1.9959211388888891
2628.0,3.5148,-1.3002,1.046887888888889,1.9959211388888891
2629.0,3.5146,-1.3,1.0465267222222223,1.9959211388888891
2630.0,3.5147,-1.3001,1.0461656111111113,1.9959211388888891
2631.0,3.5144,-1.3001,1.0458044722222224,1.9959211388888891
2632.0,3.5143,-1.3,1.0454433333333335,1.9959211388888891
2633.0,3.5144,-1.3001,1.0450822222222222,1.9959211388888891
2634.0,3.5141,-1.3,1.0447210833333336,1.9959211388888891
2635.0,3.5139,-1.3001,1.0443599722222223,1.9959211388888891
2636.0,3.5137,-1.3001,1.0439988333333334,1.9959211388888891
2637.0,3.5138,-1.3001,1.0436376944444445,1.9959211388888891
2638.0,3.5135,-1.3,1.0432765555555557,1.9959211388888891
2639.0,3.5135,-1.3,1.0429154444444446,1.9959211388888891
2640.0,3.5134,-1.3,1.0425543333333334,1.9959211388888891
2641.0,3.5132,-1.3,1.0421932222222223,1.9959211388888891
2642.0,3.5129,-1.3001,1.0418321111111113,1.9959211388888891
2643.0,3.5129,-1.3,1.0414709722222222,1.9959211388888891
2644.0,3.5129,-1.3,1.0411098611111111,1.9959211388888891
2645.0,3.5126,-1.2999,1.0407487500000001,1.9959211388888891
2646.0,3.5128,-1.3,1.0403876666666667,1.9959211388888891
2647.0,3.5122,-1.2999,1.0400265555555557,1.9959211388888891
2648.0,3.5123,-1.3,1.0396654722222223,1.9959211388888891
2649.0,3.5122,-1.2999,1.0393043611111112,1.9959211388888891
2650.0,3.5119,-1.3001,1.0389432777777778,1.9959211388888891
2651.0,3.512,-1.3,1.038582138888889,1.9959211388888891
2652.0,3.5118,-1.3,1.038221027777778,1.9959211388888891
2653.0,3.5114,-1.3,1.0378599166666667,1.9959211388888891
2654.0,3.5115,-1.3,1.0374988055555556,1.9959211388888891
2655.0,3.5113,-1.3001,1.0371376944444446,1.9959211388888891
2656.0,3.5112,-1.3001,1.0367765555555557,1.9959211388888891
2657.0,3.511,-1.3,1.0364154166666668,1.9959211388888891
2658.0,3.5109,-1.3002,1.0360543055555556,1.9959211388888891
2659.0,3.5106,-1.3,1.035693138888889,1.9959211388888891
2660.0,3.5104,-1.3001,1.0353320277777778,1.9959211388888891
2661.0,3.5107,-1.3,1.034970888888889,1.9959211388888891
2662.0,3.5103,-1.3001,1.0346097777777779,1.9959211388888891
2663.0,3.5101,-1.3001,1.034248638888889,1.9959211388888891
2664.0,3.5102,-1.2999,1.0338875,1.9959211388888891
2665.0,3.5099,-1.3,1.0335264166666667,1.9959211388888891
2666.0,3.5096,-1.3,1.0331653055555556,1.9959211388888891
2667.0,3.5099,-1.3002,1.0328041944444446,1.9959211388888891
2668.0,3.5094,-1.3,1.0324430277777779,1.9959211388888891
2669.0,3.5096,-1.3,1.0320819166666668,1.9959211388888891
2670.0,3.5094,-1.3,1.0317208055555556,1.9959211388888891
2671.0,3.5093,-1.3,1.0313596944444445,1.9959211388888891
2672.0,3.509,-1.3,1.0309985833333335,1.9959211388888891
2673.0,3.5089,-1.3,1.0306374722222222,1.9959211388888891
2674.0,3.5087,-1.2999,1.0302763611111112,1.9959211388888891
2675.0,3.5086,-1.3001,1.029915277777778,1.9959211388888891
2676.0,3.5087,-1.3002,1.029554138888889,1.9959211388888891
2677.0,3.5086,-1.3,1.0291929722222224,1.9959211388888891
2678.0,3.5082,-1.3,1.0288318611111111,1.9959211388888891
2679.0,3.5082,-1.3,1.02847075,1.9959211388888891
2680.0,3.5079,-1.3,1.028109638888889,1.9959211388888891
2681.0,3.508,-1.3,1.0277485277777778,1.9959211388888891
2682.0,3.5078,-1.3001,1.0273874166666668,1.9959211388888891
2683.0,3.5076,-1.3,1.0270262777777779,1.9959211388888891
2684.0,3.5076,-1.3,1.0266651666666669,1.9959211388888891
2685.0,3.5074,-1.3001,1.0263040555555558,1.9959211388888891
2686.0,3.5072,-1.3,1.0259429166666667,1.9959211388888891
2687.0,3.5073,-1.3,1.0255818055555557,1.9959211388888891
2688.0,3.5071,-1.3001,1.0252206944444446,1.9959211388888891
2689.0,3.5066,-1.2999,1.0248595555555557,1.9959211388888891
2690.0,3.5067,-1.3,1.0244984722222223,1.9959211388888891
2691.0,3.5066,-1.3,1.0241373611111113,1.9959211388888891
2692.0,3.5065,-1.3,1.02377625,1.9959211388888891
2693.0,3.5063,-1.3,1.023415138888889,1.9959211388888891
2694.0,3.5062,-1.3,1.023054027777778,1.9959211388888891
2695.0,3.5063,-1.3,1.0226929166666667,1.9959211388888891
2696.0,3.506,-1.3001,1.0223318055555557,1.9959211388888891
2697.0,3.5059,-1.3002,1.0219706666666668,1.9959211388888891
2698.0,3.5057,-1.2999,1.0216095000000003,1.9959211388888891
2699.0,3.5054,-1.3,1.0212484166666669,1.9959211388888891
2700.0,3.5056,-1.3001,1.0208873055555556,1.9959211388888891
2701.0,3.5055,-1.3,1.020526166666667,1.9959211388888891
2702.0,3.505,-1.3001,1.0201650555555557,1.9959211388888891
2703.0,3.5049,-1.3,1.0198039166666668,1.9959211388888891
2704.0,3.5051,-1.3001,1.0194428055555558,1.9959211388888891
2705.0,3.5046,-1.2999,1.0190816666666667,1.9959211388888891
2706.0,3.5047,-1.3001,1.0187205833333335,1.9959211388888891
2707.0,3.5048,-1.3001,1.0183594444444446,1.9959211388888891
2708.0,3.5042,-1.3001,1.0179983055555557,1.9959211388888891
2709.0,3.5042,-1.2999,1.0176371666666668,1.9959211388888891
2710.0,3.5043,-1.3001,1.0172760833333334,1.9959211388888891
2711.0,3.5039,-1.2999,1.0169149444444445,1.9959211388888891
2712.0,3.5039,-1.3,1.0165538611111113,1.9959211388888891
2713.0,3.5039,-1.3001,1.01619275,1.9959211388888891
2714.0,3.5034,-1.3001,1.0158316111111112,1.9959211388888891
2715.0,3.5035,-1.3001,1.0154704722222223,1.9959211388888891
2716.0,3.5034,-1.3,1.0151093333333334,1.9959211388888891
2717.0,3.5032,-1.3,1.0147482222222224,1.9959211388888891
2718.0,3.5034,-1.3002,1.0143871111111111,1.9959211388888891
2719.0,3.5029,-1.3,1.0140259444444446,1.9959211388888891
2720.0,3.5029,-1.3001,1.0136648333333333,1.9959211388888891
2721.0,3.5026,-1.3,1.0133036944444445,1.9959211388888891
2722.0,3.5026,-1.3001,1.0129425833333334,1.9959211388888891
2723.0,3.5025,-1.3,1.0125814444444445,1.9959211388888891
2724.0,3.5025,-1.3001,1.0122203333333335,1.9959211388888891
2725.0,3.5022,-1.3001,1.0118591944444444,1.9959211388888891
2726.0,3.5021,-1.3002,1.0114980555555557,1.9959211388888891
2727.0,3.502,-1.2999,1.011136888888889,1.9959211388888891
2728.0,3.502,-1.3001,1.0107758055555556,1.9959211388888891
2729.0,3.5017,-1.3,1.0104146666666667,1.9959211388888891
2730.0,3.5015,-1.3,1.0100535555555556,1.9959211388888891
2731.0,3.5014,-1.3001,1.0096924444444446,1.9959211388888891
2732.0,3.5013,-1.3001,1.0093313055555555,1.9959211388888891
2733.0,3.5012,-1.3,1.0089701666666668,1.9959211388888891
2734.0,3.5009,-1.3001,1.0086090555555556,1.9959211388888891
2735.0,3.5011,-1.3,1.0082479166666667,1.9959211388888891
2736.0,3.501,-1.3001,1.0078868055555557,1.9959211388888891
2737.0,3.5008,-1.3,1.0075256666666668,1.9959211388888891
2738.0,3.5007,-1.3,1.0071645555555557,1.9959211388888891
2739.0,3.5004,-1.3,1.0068034444444445,1.9959211388888891
2740.0,3.5003,-1.3,1.0064423333333334,1.9959211388888891
2741.0,3.5002,-1.3,1.0060812222222224,1.9959211388888891
2742.0,3.5001,-1.3,1.0057201111111111,1.9959211388888891
2743.0,3.5001,-1.3001,1.0053590000000001,1.9959211388888891
2744.0,3.4999,-1.3,1.0049978611111112,1.9959211388888891
2745.0,3.4998,-1.3001,1.00463675,1.9959211388888891
2746.0,3.4996,-1.3,1.0042756111111113,1.9959211388888891
2747.0,3.4996,-1.3,1.0039145,1.9959211388888891
2748.0,3.4993,-1.3,1.003553388888889,1.9959211388888891
2749.0,3.4994,-1.3,1.003192277777778,1.9959211388888891
2750.0,3.4989,-1.3,1.0028311666666667,1.9959211388888891
2751.0,3.4987,-1.3,1.0024700555555557,1.9959211388888891
2752.0,3.499,-1.3,1.0021089444444444,1.9959211388888891
2753.0,3.4989,-1.3,1.0017478333333334,1.9959211388888891
2754.0,3.4984,-1.3002,1.0013867222222224,1.9959211388888891
2755.0,3.4983,-1.3,1.0010255555555556,1.9959211388888891
2756.0,3.4982,-1.3,1.0006644444444446,1.9959211388888891
2757.0,3.498,-1.3001,1.0003033333333333,1.9959211388888891
2758.0,3.4981,-1.3,0.9999421944444444,1.9959211388888891
2759.0,3.4981,-1.3,0.9995810833333334,1.9959211388888891
2760.0,3.4977,-1.3,0.9992199722222224,1.9959211388888891
2761.0,3.4975,-1.3,0.9988588611111113,1.9959211388888891
2762.0,3.4976,-1.3,0.9984977500000001,1.9959211388888891
2763.0,3.4975,-1.3,0.998136638888889,1.9959211388888891
2764.0,3.4974,-1.3,0.9977755277777778,1.9959211388888891
2765.0,3.4971,-1.3,0.9974144166666667,1.9959211388888891
2766.0,3.4969,-1.3,0.9970533055555557,1.9959211388888891
2767.0,3.497,-1.3001,0.9966921944444445,1.9959211388888891
2768.0,3.4968,-1.3,0.9963310555555556,1.9959211388888891
2769.0,3.4966,-1.3,0.9959699444444445,1.9959211388888891
2770.0,3.4964,-1.3,0.9956088333333335,1.9959211388888891
2771.0,3.4964,-1.3,0.9952477222222222,1.9959211388888891
2772.0,3.4963,-1.3001,0.9948866111111112,1.9959211388888891
2773.0,3.4961,-1.3001,0.9945254722222223,1.9959211388888891
2774.0,3.496,-1.3001,0.9941643333333334,1.9959211388888891
2775.0,3.4958,-1.3001,0.9938031944444445,1.9959211388888891
2776.0,3.4959,-1.3,0.9934420555555556,1.9959211388888891
2777.0,3.4955,-1.3001,0.9930809444444446,1.9959211388888891
2778.0,3.4955,-1.3001,0.9927198055555557,1.9959211388888891
2779.0,3.4955,-1.3,0.9923586666666668,1.9959211388888891
2780.0,3.4953,-1.3001,0.9919975555555558,1.9959211388888891
2781.0,3.495,-1.3001,0.9916364166666669,1.9959211388888891
2782.0,3.4951,-1.3001,0.991275277777778,1.9959211388888891
2783.0,3.4947,-1.3,0.9909141388888891,1.9959211388888891
2784.0,3.4949,-1.3,0.9905530277777779,1.9959211388888891
2785.0,3.4948,-1.3,0.9901919166666668,1.9959211388888891
2786.0,3.4946,-1.3,0.9898308055555556,1.9959211388888891
2787.0,3.4944,-1.3,0.9894696944444445,1.9959211388888891
2788.0,3.4943,-1.3001,0.9891085833333333,1.9959211388888891
2789.0,3.4943,-1.3,0.9887474444444446,1.9959211388888891
2790.0,3.4941,-1.3001,0.9883863333333334,1.9959211388888891
2791.0,3.4939,-1.3,0.9880251944444445,1.9959211388888891
2792.0,3.4939,-1.3,0.9876640833333334,1.9959211388888891
2793.0,3.4938,-1.3001,0.9873029722222222,1.9959211388888891
2794.0,3.4935,-1.3001,0.9869418333333335,1.9959211388888891
2795.0,3.4936,-1.3001,0.9865806944444444,1.9959211388888891
2796.0,3.4934,-1.3,0.9862195555555557,1.9959211388888891
2797.0,3.4931,-1.3,0.9858584444444445,1.9959211388888891
2798.0,3.4932,-1.3,0.9854973333333334,1.9959211388888891
2799.0,3.493,-1.3,0.9851362222222222,1.9959211388888891
2800.0,3.4928,-1.3,0.9847751111111112,1.9959211388888891
2801.0,3.4927,-1.3001,0.9844140000000001,1.9959211388888891
2802.0,3.4927,-1.3002,0.9840528611111112,1.9959211388888891
2803.0,3.4927,-1.3,0.9836916944444447,1.9959211388888891
2804.0,3.4922,-1.3001,0.9833305833333335,1.9959211388888891
2805.0,3.4921,-1.3,0.9829694444444446,1.9959211388888891
2806.0,3.4922,-1.3001,0.9826083333333335,1.9959211388888891
2807.0,3.4918,-1.3,0.9822471944444444,1.9959211388888891
2808.0,3.4917,-1.3,0.9818860833333336,1.9959211388888891
2809.0,3.4917,-1.3001,0.9815249722222223,1.9959211388888891
2810.0,3.4917,-1.3001,0.9811638333333337,1.9959211388888891
2811.0,3.4914,-1.3001,0.9808026944444446,1.9959211388888891
2812.0,3.4914,-1.3,0.9804415555555559,1.9959211388888891
2813.0,3.491,-1.3001,0.9800804444444446,1.9959211388888891
2814.0,3.4911,-1.3001,0.9797193055555555,1.9959211388888891
2815.0,3.4909,-1.3,0.9793581666666669,1.9959211388888891
2816.0,3.491,-1.3,0.9789970555555558,1.9959211388888891
2817.0,3.4908,-1.3,0.9786359444444448,1.9959211388888891
2818.0,3.4908,-1.3,0.9782748333333335,1.9959211388888891
2819.0,3.4905,-1.3001,0.9779137222222225,1.9959211388888891
2820.0,3.4903,-1.3001,0.9775525833333336,1.9959211388888891
2821.0,3.4902,-1.3,0.9771914444444447,1.9959211388888891
2822.0,3.4899,-1.3001,0.9768303333333337,1.9959211388888891
2823.0,3.4902,-1.3,0.9764691944444446,1.9959211388888891
2824.0,3.4896,-1.3001,0.9761080833333335,1.9959211388888891
2825.0,3.4897,-1.3,0.9757469444444447,1.9959211388888891
2826.0,3.4898,-1.3,0.9753858333333334,1.9959211388888891
2827.0,3.4896,-1.3,0.9750247222222226,1.9959211388888891
2828.0,3.4894,-1.3,0.9746636111111113,1.9959211388888891
2829.0,3.4894,-1.3,0.9743025000000001,1.9959211388888891
2830.0,3.4892,-1.3,0.9739413888888893,1.9959211388888891
2831.0,3.4892,-1.3,0.973580277777778,1.9959211388888891
2832.0,3.4889,-1.3,0.9732191666666667,1.9959211388888891
2833.0,3.4887,-1.3001,0.9728580555555555,1.9959211388888891
2834.0,3.4887,-1.3,0.9724969166666668,1.9959211388888891
2835.0,3.4885,-1.3,0.9721358055555556,1.9959211388888891
2836.0,3.4882,-1.3001,0.9717746944444443,1.9959211388888891
2837.0,3.4882,-1.3,0.9714135555555556,1.9959211388888891
2838.0,3.488,-1.3001,0.9710524444444444,1.9959211388888891
2839.0,3.4882,-1.2999,0.9706913055555557,1.9959211388888891
2840.0,3.4879,-1.3,0.9703302222222223,1.9959211388888891
2841.0,3.4879,-1.3001,0.9699691111111111,1.9959211388888891
2842.0,3.4875,-1.3001,0.9696079722222224,1.9959211388888891
2843.0,3.4875,-1.3001,0.9692468333333333,1.9959211388888891
2844.0,3.4874,-1.3,0.9688856944444446,1.9959211388888891
2845.0,3.4874,-1.3,0.9685245833333334,1.9959211388888891
2846.0,3.4873,-1.3,0.9681634722222223,1.9959211388888891
2847.0,3.4871,-1.3,0.9678023611111113,1.9959211388888891
2848.0,3.4869,-1.3,0.96744125,1.9959211388888891
2849.0,3.487,-1.3,0.9670801388888888,1.9959211388888891
2850.0,3.4867,-1.3,0.966719027777778,1.9959211388888891
2851.0,3.4865,-1.3,0.9663579166666667,1.9959211388888891
2852.0,3.4865,-1.3,0.9659968055555554,1.9959211388888891
2853.0,3.4864,-1.3001,0.9656356944444446,1.9959211388888891
2854.0,3.4862,-1.3001,0.9652745555555555,1.9959211388888891
2855.0,3.486,-1.3,0.9649134166666669,1.9959211388888891
2856.0,3.4857,-1.3,0.9645523055555556,1.9959211388888891
2857.0,3.4859,-1.3001,0.9641911944444443,1.9959211388888891
2858.0,3.4858,-1.3,0.9638300555555557,1.9959211388888891
2859.0,3.4856,-1.3,0.9634689444444444,1.9959211388888891
2860.0,3.4854,-1.3001,0.9631078333333334,1.9959211388888891
2861.0,3.4853,-1.3001,0.9627466944444445,1.9959211388888891
2862.0,3.4852,-1.3001,0.9623855555555556,1.9959211388888891
2863.0,3.4852,-1.3001,0.9620244166666667,1.9959211388888891
2864.0,3.4849,-1.3,0.9616632777777778,1.9959211388888891
2865.0,3.4848,-1.3001,0.9613021666666668,1.9959211388888891
2866.0,3.4848,-1.3,0.9609410277777779,1.9959211388888891
2867.0,3.4847,-1.3001,0.9605799166666669,1.9959211388888891
2868.0,3.4846,-1.3,0.960218777777778,1.9959211388888891
2869.0,3.4843,-1.3,0.9598576666666667,1.9959211388888891
2870.0,3.4841,-1.3001,0.9594965555555557,1.9959211388888891
2871.0,3.4841,-1.3,0.9591354166666668,1.9959211388888891
2872.0,3.4839,-1.3001,0.9587743055555558,1.9959211388888891
2873.0,3.4838,-1.3,0.9584131666666669,1.9959211388888891
2874.0,3.4839,-1.3,0.9580520555555556,1.9959211388888891
2875.0,3.4835,-1.3001,0.9576909444444446,1.9959211388888891
2876.0,3.4836,-1.3,0.9573298055555557,1.9959211388888891
2877.0,3.4836,-1.3001,0.9569686944444447,1.9959211388888891
2878.0,3.4833,-1.3,0.9566075555555558,1.9959211388888891
2879.0,3.4832,-1.3,0.9562464444444445,1.9959211388888891
2880.0,3.483,-1.3,0.9558853333333335,1.9959211388888891
2881.0,3.483,-1.3001,0.9555242222222222,1.9959211388888891
2882.0,3.483,-1.3001,0.9551630833333336,1.9959211388888891
2883.0,3.4826,-1.3001,0.9548019444444444,1.9959211388888891
2884.0,3.4828,-1.3001,0.9544408055555558,1.9959211388888891
2885.0,3.4825,-1.2999,0.9540796666666667,1.9959211388888891
2886.0,3.4826,-1.2999,0.9537185833333335,1.9959211388888891
2887.0,3.4823,-1.3,0.9533575000000001,1.9959211388888891
2888.0,3.4821,-1.3,0.952996388888889,1.9959211388888891
2889.0,3.482,-1.3001,0.9526352777777778,1.9959211388888891
2890.0,3.4822,-1.3001,0.9522741388888891,1.9959211388888891
2891.0,3.4816,-1.3001,0.951913,1.9959211388888891
2892.0,3.4815,-1.3,0.9515518611111113,1.9959211388888891
2893.0,3.4816,-1.3,0.9511907500000001,1.9959211388888891
2894.0,3.4815,-1.3001,0.950829638888889,1.9959211388888891
2895.0,3.4813,-1.3001,0.9504685000000002,1.9959211388888891
2896.0,3.4813,-1.3001,0.9501073611111113,1.9959211388888891
2897.0,3.4811,-1.3,0.9497462222222224,1.9959211388888891
2898.0,3.4811,-1.3,0.9493851111111111,1.9959211388888891
2899.0,3.4809,-1.3,0.9490240000000001,1.9959211388888891
2900.0,3.4807,-1.3,0.948662888888889,1.9959211388888891
2901.0,3.4806,-1.3,0.9483017777777778,1.9959211388888891
2902.0,3.4806,-1.3,0.9479406666666668,1.9959211388888891
2903.0,3.4803,-1.3,0.9475795555555557,1.9959211388888891
2904.0,3.4802,-1.3,0.9472184444444445,1.9959211388888891
2905.0,3.48,-1.2999,0.9468573333333334,1.9959211388888891
2906.0,3.48,-1.3001,0.9464962500000003,1.9959211388888891
2907.0,3.4801,-1.3,0.9461351111111111,1.9959211388888891
2908.0,3.4797,-1.3001,0.9457740000000001,1.9959211388888891
2909.0,3.4798,-1.3,0.9454128611111112,1.9959211388888891
2910.0,3.4797,-1.3,0.9450517500000002,1.9959211388888891
2911.0,3.4794,-1.3,0.9446906388888892,1.9959211388888891
2912.0,3.4794,-1.3001,0.9443295277777779,1.9959211388888891
2913.0,3.4791,-1.3001,0.943968388888889,1.9959211388888891
2914.0,3.4792,-1.3002,0.9436072500000001,1.9959211388888891
2915.0,3.4789,-1.3001,0.9432460833333336,1.9959211388888891
2916.0,3.4791,-1.3,0.9428849444444445,1.9959211388888891
2917.0,3.4789,-1.3001,0.9425238333333334,1.9959211388888891
2918.0,3.4789,-1.3001,0.9421626944444446,1.9959211388888891
2919.0,3.4784,-1.3001,0.9418015555555557,1.9959211388888891
2920.0,3.4786,-1.3,0.9414404166666668,1.9959211388888891
2921.0,3.4782,-1.3001,0.9410793055555557,1.9959211388888891
2922.0,3.4781,-1.3,0.9407181666666669,1.9959211388888891
2923.0,3.478,-1.3,0.9403570555555556,1.9959211388888891
2924.0,3.4779,-1.3,0.9399959444444446,1.9959211388888891
2925.0,3.4779,-1.3001,0.9396348333333335,1.9959211388888891
2926.0,3.4779,-1.3,0.9392736944444446,1.9959211388888891
2927.0,3.4777,-1.3001,0.9389125833333336,1.9959211388888891
2928.0,3.4775,-1.3,0.9385514444444445,1.9959211388888891
2929.0,3.4774,-1.3001,0.9381903333333335,1.9959211388888891
2930.0,3.4773,-1.3001,0.9378291944444446,1.9959211388888891
2931.0,3.4772,-1.3,0.9374680555555557,1.9959211388888891
2932.0,3.477,-1.3,0.9371069444444446,1.9959211388888891
2933.0,3.4769,-1.3,0.9367458333333334,1.9959211388888891
2934.0,3.4768,-1.3,0.9363847222222224,1.9959211388888891
2935.0,3.4765,-1.3001,0.9360236111111113,1.9959211388888891
2936.0,3.4766,-1.3,0.9356624722222222,1.9959211388888891
2937.0,3.4766,-1.2999,0.935301361111111,1.9959211388888891
2938.0,3.4764,-1.3,0.9349402777777778,1.9959211388888891
2939.0,3.476,-1.3,0.9345791666666667,1.9959211388888891
2940.0,3.476,-1.3,0.9342180555555555,1.9959211388888891
2941.0,3.476,-1.3,0.9338569444444444,1.9959211388888891
2942.0,3.4758,-1.3,0.9334958333333334,1.9959211388888891
2943.0,3.4756,-1.3,0.9331347222222222,1.9959211388888891
2944.0,3.4755,-1.3,0.9327736111111113,1.9959211388888891
2945.0,3.4756,-1.3,0.9324125000000001,1.9959211388888891
2946.0,3.4753,-1.3001,0.9320513888888888,1.9959211388888891
2947.0,3.4753,-1.3001,0.9316902500000002,1.9959211388888891
2948.0,3.4751,-1.3,0.931329111111111,1.9959211388888891
2949.0,3.4751,-1.3001,0.9309680000000002,1.9959211388888891
2950.0,3.4752,-1.3,0.9306068611111111,1.9959211388888891
2951.0,3.4751,-1.3,0.9302457500000001,1.9959211388888891
2952.0,3.4746,-1.3,0.9298846388888891,1.9959211388888891
2953.0,3.4747,-1.3,0.9295235277777778,1.9959211388888891
2954.0,3.4744,-1.3001,0.9291624166666665,1.9959211388888891
2955.0,3.4744,-1.3,0.9288012777777779,1.9959211388888891
2956.0,3.4744,-1.3001,0.9284401666666666,1.9959211388888891
2957.0,3.4742,-1.3,0.928079027777778,1.9959211388888891
2958.0,3.4743,-1.3001,0.9277179166666667,1.9959211388888891
2959.0,3.4739,-1.3,0.9273567777777778,1.9959211388888891
2960.0,3.4737,-1.3001,0.9269956666666668,1.9959211388888891
2961.0,3.4738,-1.3001,0.9266345277777777,1.9959211388888891
2962.0,3.4735,-1.3,0.926273388888889,1.9959211388888891
2963.0,3.4733,-1.3,0.9259122777777777,1.9959211388888891
2964.0,3.4733,-1.3001,0.9255511666666667,1.9959211388888891
2965.0,3.4733,-1.3001,0.9251900277777778,1.9959211388888891
2966.0,3.4732,-1.3001,0.9248288888888889,1.9959211388888891
2967.0,3.473,-1.3,0.92446775,1.9959211388888891
2968.0,3.4728,-1.3001,0.9241066388888888,1.9959211388888891
2969.0,3.4728,-1.3,0.9237455000000001,1.9959211388888891
2970.0,3.4726,-1.3001,0.9233843888888889,1.9959211388888891
2971.0,3.4725,-1.3,0.92302325,1.9959211388888891
2972.0,3.4725,-1.3001,0.9226621388888889,1.9959211388888891
2973.0,3.4723,-1.3,0.922301,1.9959211388888891
2974.0,3.472,-1.3,0.921939888888889,1.9959211388888891
2975.0,3.4721,-1.3,0.9215787777777777,1.9959211388888891
2976.0,3.4721,-1.3001,0.9212176666666665,1.9959211388888891
2977.0,3.4719,-1.3,0.9208565277777778,1.9959211388888891
2978.0,3.4718,-1.3,0.9204954166666666,1.9959211388888891
2979.0,3.4715,-1.3,0.9201343055555555,1.9959211388888891
2980.0,3.4715,-1.3001,0.9197731944444445,1.9959211388888891
2981.0,3.4716,-1.3,0.9194120555555554,1.9959211388888891
2982.0,3.4714,-1.3,0.9190509444444444,1.9959211388888891
2983.0,3.4711,-1.3001,0.9186898333333333,1.9959211388888891
2984.0,3.4711,-1.3,0.9183286944444444,1.9959211388888891
2985.0,3.4709,-1.3001,0.9179675833333334,1.9959211388888891
2986.0,3.4711,-1.3,0.9176064444444443,1.9959211388888891
2987.0,3.4709,-1.3,0.9172453333333332,1.9959211388888891
2988.0,3.4706,-1.3002,0.9168842222222222,1.9959211388888891
2989.0,3.4704,-1.3002,0.9165230555555555,1.9959211388888891
2990.0,3.4706,-1.3001,0.9161618888888887,1.9959211388888891
2991.0,3.4701,-1.3001,0.91580075,1.9959211388888891
2992.0,3.4702,-1.3,0.9154396111111112,1.9959211388888891
2993.0,3.4701,-1.2999,0.9150785000000001,1.9959211388888891
2994.0,3.4701,-1.3001,0.9147174166666667,1.9959211388888891
2995.0,3.4699,-1.3001,0.9143562777777778,1.9959211388888891
2996.0,3.4698,-1.3,0.913995138888889,1.9959211388888891
2997.0,3.4696,-1.3001,0.9136340277777777,1.9959211388888891
2998.0,3.4694,-1.3001,0.913272888888889,1.9959211388888891
2999.0,3.4694,-1.3002,0.9129117499999999,1.9959211388888891
3000.0,3.4694,-1.3,0.9125505833333334,1.9959211388888891
3001.0,3.4691,-1.3,0.9121894722222221,1.9959211388888891
3002.0,3.469,-1.3,0.9118283611111111,1.9959211388888891
3003.0,3.4688,-1.3,0.9114672500000001,1.9959211388888891
3004.0,3.4687,-1.3,0.9111061388888888,1.9959211388888891
3005.0,3.4687,-1.3,0.9107450277777778,1.9959211388888891
3006.0,3.4685,-1.3,0.9103839166666667,1.9959211388888891
3007.0,3.4684,-1.3,0.9100228055555555,1.9959211388888891
3008.0,3.4684,-1.3,0.9096616944444444,1.9959211388888891
3009.0,3.4682,-1.3001,0.9093005833333334,1.9959211388888891
3010.0,3.4682,-1.3001,0.9089394444444443,1.9959211388888891
3011.0,3.4683,-1.3,0.9085783055555556,1.9959211388888891
3012.0,3.4679,-1.3,0.9082171944444444,1.9959211388888891
3013.0,3.468,-1.3001,0.9078560833333333,1.9959211388888891
3014.0,3.4678,-1.3,0.9074949444444445,1.9959211388888891
3015.0,3.4676,-1.3001,0.9071338333333332,1.9959211388888891
3016.0,3.4674,-1.3001,0.9067726944444445,1.9959211388888891
3017.0,3.4673,-1.3001,0.9064115555555554,1.9959211388888891
3018.0,3.4673,-1.3001,0.9060504166666667,1.9959211388888891
3019.0,3.4669,-1.3001,0.9056892777777776,1.9959211388888891
3020.0,3.467,-1.3001,0.905328138888889,1.9959211388888891
3021.0,3.4671,-1.3001,0.9049669999999999,1.9959211388888891
3022.0,3.4669,-1.3001,0.9046058611111112,1.9959211388888891
3023.0,3.4667,-1.3001,0.9042447222222221,1.9959211388888891
3024.0,3.4665,-1.3001,0.9038835833333334,1.9959211388888891
3025.0,3.4664,-1.3,0.9035224444444445,1.9959211388888891
3026.0,3.4664,-1.3,0.9031613333333335,1.9959211388888891
3027.0,3.4663,-1.3001,0.9028002222222222,1.9959211388888891
3028.0,3.4661,-1.3,0.9024390833333333,1.9959211388888891
3029.0,3.466,-1.3,0.9020779722222223,1.9959211388888891
3030.0,3.4658,-1.3,0.9017168611111113,1.9959211388888891
3031.0,3.4658,-1.3002,0.90135575,1.9959211388888891
3032.0,3.466,-1.3,0.9009945833333333,1.9959211388888891
3033.0,3.4654,-1.3001,0.9006334722222222,1.9959211388888891
3034.0,3.4655,-1.2999,0.9002723333333333,1.9959211388888891
3035.0,3.4653,-1.3001,0.8999112499999999,1.9959211388888891
3036.0,3.4654,-1.2999,0.8995501111111113,1.9959211388888891
3037.0,3.4654,-1.3,0.8991890277777779,1.9959211388888891
3038.0,3.465,-1.3,0.8988279166666666,1.9959211388888891
3039.0,3.4651,-1.3001,0.8984668055555556,1.9959211388888891
3040.0,3.4646,-1.3,0.8981056666666667,1.9959211388888891
3041.0,3.4648,-1.3,0.8977445555555554,1.9959211388888891
3042.0,3.4646,-1.3,0.8973834444444444,1.9959211388888891
3043.0,3.4645,-1.3,0.8970223333333334,1.9959211388888891
3044.0,3.4642,-1.3,0.8966612222222221,1.9959211388888891
3045.0,3.4642,-1.3001,0.8963001111111111,1.9959211388888891
3046.0,3.464,-1.3,0.8959389722222222,1.9959211388888891
3047.0,3.4641,-1.3,0.8955778611111109,1.9959211388888891
3048.0,3.4642,-1.3,0.8952167499999999,1.9959211388888891
3049.0,3.464,-1.2999,0.8948556388888889,1.9959211388888891
3050.0,3.464,-1.3001,0.8944945555555555,1.9959211388888891
3051.0,3.4637,-1.3,0.8941334166666666,1.9959211388888891
3052.0,3.4634,-1.3001,0.8937723055555555,1.9959211388888891
3053.0,3.4634,-1.3,0.8934111666666666,1.9959211388888891
3054.0,3.4632,-1.3001,0.8930500555555556,1.9959211388888891
3055.0,3.4633,-1.3,0.8926889166666665,1.9959211388888891
3056.0,3.4632,-1.3,0.8923278055555557,1.9959211388888891
3057.0,3.4629,-1.3001,0.8919666944444444,1.9959211388888891
3058.0,3.4631,-1.3,0.8916055555555555,1.9959211388888891
3059.0,3.4628,-1.3001,0.8912444444444445,1.9959211388888891
3060.0,3.4626,-1.3,0.8908833055555556,1.9959211388888891
3061.0,3.4625,-1.2999,0.8905221944444446,1.9959211388888891
3062.0,3.4625,-1.3,0.8901611111111112,1.9959211388888891
3063.0,3.4624,-1.3,0.8897999999999999,1.9959211388888891
3064.0,3.4623,-1.3,0.8894388888888889,1.9959211388888891
3065.0,3.4621,-1.3001,0.8890777777777779,1.9959211388888891
3066.0,3.4619,-1.3,0.8887166388888887,1.9959211388888891
3067.0,3.4617,-1.3,0.8883555277777777,1.9959211388888891
3068.0,3.4617,-1.3,0.8879944166666667,1.9959211388888891
3069.0,3.4616,-1.3001,0.8876333055555554,1.9959211388888891
3070.0,3.4617,-1.3,0.8872721666666668,1.9959211388888891
3071.0,3.4614,-1.3,0.8869110555555555,1.9959211388888891
3072.0,3.4615,-1.3,0.8865499444444445,1.9959211388888891
3073.0,3.4613,-1.3001,0.8861888333333332,1.9959211388888891
3074.0,3.4612,-1.3,0.8858276944444443,1.9959211388888891
3075.0,3.4611,-1.3,0.8854665833333333,1.9959211388888891
3076.0,3.461,-1.3,0.8851054722222222,1.9959211388888891
3077.0,3.4607,-1.3001,0.884744361111111,1.9959211388888891
3078.0,3.4605,-1.3,0.8843832222222221,1.9959211388888891
3079.0,3.4605,-1.3,0.8840221111111111,1.9959211388888891
3080.0,3.4604,-1.3001,0.8836609999999998,1.9959211388888891
3081.0,3.4603,-1.2999,0.8832998611111111,1.9959211388888891
3082.0,3.4602,-1.3,0.8829387777777777,1.9959211388888891
3083.0,3.4602,-1.3,0.8825776666666665,1.9959211388888891
3084.0,3.4598,-1.3,0.8822165555555554,1.9959211388888891
3085.0,3.4601,-1.3001,0.8818554444444444,1.9959211388888891
3086.0,3.4599,-1.3,0.8814943055555555,1.9959211388888891
3087.0,3.4598,-1.3001,0.8811331944444445,1.9959211388888891
3088.0,3.4598,-1.3,0.8807720555555554,1.9959211388888891
3089.0,3.4595,-1.3001,0.8804109444444446,1.9959211388888891
3090.0,3.4593,-1.3001,0.8800498055555555,1.9959211388888891
3091.0,3.4592,-1.2999,0.8796886666666668,1.9959211388888891
3092.0,3.4591,-1.3,0.8793275833333334,1.9959211388888891
3093.0,3.4589,-1.3,0.8789664722222221,1.9959211388888891
3094.0,3.4589,-1.3,0.8786053611111109,1.9959211388888891
3095.0,3.459,-1.3,0.8782442500000001,1.9959211388888891
3096.0,3.4586,-1.3,0.8778831388888888,1.9959211388888891
3097.0,3.4588,-1.3,0.8775220277777775,1.9959211388888891
3098.0,3.4585,-1.3,0.8771609166666667,1.9959211388888891
3099.0,3.4583,-1.2999,0.8767998055555555,1.9959211388888891
3100.0,3.4584,-1.3,0.8764387222222221,1.9959211388888891
3101.0,3.458,-1.3,0.876077611111111,1.9959211388888891
3102.0,3.4581,-1.3,0.8757165,1.9959211388888891
3103.0,3.4579,-1.3,0.8753553888888888,1.9959211388888891
3104.0,3.4579,-1.3001,0.8749942777777777,1.9959211388888891
3105.0,3.458,-1.3,0.8746331388888888,1.9959211388888891
3106.0,3.4579,-1.3,0.8742720277777778,1.9959211388888891
3107.0,3.4576,-1.3,0.8739109166666665,1.9959211388888891
3108.0,3.4573,-1.3001,0.8735498055555555,1.9959211388888891
3109.0,3.4573,-1.3,0.8731886666666666,1.9959211388888891
3110.0,3.4571,-1.2999,0.8728275555555556,1.9959211388888891
3111.0,3.457,-1.3,0.8724664722222222,1.9959211388888891
3112.0,3.4568,-1.3001,0.8721053611111111,1.9959211388888891
3113.0,3.457,-1.3001,0.8717442222222223,1.9959211388888891
3114.0,3.4568,-1.3,0.8713830833333334,1.9959211388888891
3115.0,3.4568,-1.2999,0.8710219722222221,1.9959211388888891
3116.0,3.4566,-1.2999,0.8706608888888889,1.9959211388888891
3117.0,3.4564,-1.3001,0.8702998055555555,1.9959211388888891
3118.0,3.4564,-1.3001,0.8699386666666666,1.9959211388888891
3119.0,3.4563,-1.3001,0.8695775277777777,1.9959211388888891
3120.0,3.4563,-1.2999,0.8692163888888891,1.9959211388888891
3121.0,3.4562,-1.3,0.8688553055555557,1.9959211388888891
3122.0,3.4558,-1.3001,0.8684941944444446,1.9959211388888891
3123.0,3.456,-1.3002,0.8681330555555558,1.9959211388888891
3124.0,3.4556,-1.3001,0.867771888888889,1.9959211388888891
3125.0,3.4555,-1.3001,0.8674107500000001,1.9959211388888891
3126.0,3.4555,-1.3,0.8670496111111112,1.9959211388888891
3127.0,3.4554,-1.3001,0.8666885000000002,1.9959211388888891
3128.0,3.4552,-1.3,0.8663273611111113,1.9959211388888891
3129.0,3.4553,-1.2999,0.86596625,1.9959211388888891
3130.0,3.4551,-1.3,0.8656051666666669,1.9959211388888891
3131.0,3.4551,-1.3,0.8652440555555556,1.9959211388888891
3132.0,3.4548,-1.3001,0.8648829444444446,1.9959211388888891
3133.0,3.4548,-1.3,0.8645218055555557,1.9959211388888891
3134.0,3.4549,-1.3001,0.8641606944444447,1.9959211388888891
3135.0,3.4546,-1.3001,0.8637995555555558,1.9959211388888891
3136.0,3.4546,-1.3,0.8634384166666667,1.9959211388888891
3137.0,3.4543,-1.3001,0.8630773055555554,1.9959211388888891
3138.0,3.4542,-1.3,0.8627161666666667,1.9959211388888891
3139.0,3.4541,-1.3,0.8623550555555555,1.9959211388888891
3140.0,3.454,-1.3001,0.8619939444444444,1.9959211388888891
3141.0,3.4538,-1.3,0.8616328055555555,1.9959211388888891
3142.0,3.4538,-1.3,0.8612716944444443,1.9959211388888891
3143.0,3.4538,-1.3,0.8609105833333333,1.9959211388888891
3144.0,3.4536,-1.3,0.8605494722222222,1.9959211388888891
3145.0,3.4535,-1.3001,0.860188361111111,1.9959211388888891
3146.0,3.4534,-1.3001,0.8598272222222223,1.9959211388888891
3147.0,3.4531,-1.3,0.8594660833333332,1.9959211388888891
3148.0,3.4534,-1.3,0.8591049722222222,1.9959211388888891
3149.0,3.4531,-1.3001,0.8587438611111111,1.9959211388888891
3150.0,3.4529,-1.3,0.8583827222222222,1.9959211388888891
3151.0,3.4529,-1.2999,0.8580216111111112,1.9959211388888891
3152.0,3.4528,-1.3,0.8576605277777778,1.9959211388888891
3153.0,3.4527,-1.3,0.8572994166666665,1.9959211388888891
3154.0,3.4527,-1.3001,0.8569383055555557,1.9959211388888891
3155.0,3.4526,-1.3,0.8565771666666666,1.9959211388888891
3156.0,3.4523,-1.3,0.8562160555555556,1.9959211388888891
3157.0,3.4524,-1.3001,0.8558549444444445,1.9959211388888891
3158.0,3.4524,-1.3001,0.8554938055555554,1.9959211388888891
3159.0,3.452,-1.3001,0.8551326666666668,1.9959211388888891
3160.0,3.4519,-1.3,0.8547715277777777,1.9959211388888891
3161.0,3.4518,-1.3,0.8544104166666668,1.9959211388888891
3162.0,3.4514,-1.3,0.8540493055555556,1.9959211388888891
3163.0,3.4515,-1.3001,0.8536881944444443,1.9959211388888891
3164.0,3.4516,-1.3,0.8533270555555557,1.9959211388888891
3165.0,3.4514,-1.3,0.8529659444444444,1.9959211388888891
3166.0,3.4511,-1.3,0.8526048333333334,1.9959211388888891
3167.0,3.4512,-1.3001,0.8522437222222223,1.9959211388888891
3168.0,3.451,-1.3,0.8518825833333332,1.9959211388888891
3169.0,3.451,-1.3,0.8515214722222222,1.9959211388888891
3170.0,3.4509,-1.3,0.8511603611111112,1.9959211388888891
3171.0,3.4509,-1.3001,0.8507992499999999,1.9959211388888891
3172.0,3.4506,-1.3,0.8504381111111112,1.9959211388888891
3173.0,3.4507,-1.3001,0.850077,1.9959211388888891
3174.0,3.4506,-1.2999,0.8497158611111111,1.9959211388888891
3175.0,3.4502,-1.3,0.8493547777777779,1.9959211388888891
3176.0,3.4503,-1.3001,0.8489936666666666,1.9959211388888891
3177.0,3.45,-1.3,0.8486325277777778,1.9959211388888891
3178.0,3.4501,-1.3001,0.8482714166666667,1.9959211388888891
3179.0,3.45,-1.3,0.8479102777777778,1.9959211388888891
3180.0,3.4498,-1.3,0.8475491666666668,1.9959211388888891
3181.0,3.4497,-1.3001,0.8471880555555555,1.9959211388888891
3182.0,3.4495,-1.3,0.8468269166666667,1.9959211388888891
3183.0,3.4497,-1.3,0.8464658055555556,1.9959211388888891
3184.0,3.4493,-1.3001,0.8461046944444446,1.9959211388888891
3185.0,3.4492,-1.3001,0.8457435555555557,1.9959211388888891
3186.0,3.4491,-1.3001,0.8453824166666668,1.9959211388888891
3187.0,3.4491,-1.3001,0.8450212777777779,1.9959211388888891
3188.0,3.4491,-1.3001,0.844660138888889,1.9959211388888891
3189.0,3.4488,-1.3001,0.8442990000000001,1.9959211388888891
3190.0,3.4487,-1.3001,0.8439378611111112,1.9959211388888891
3191.0,3.4487,-1.3,0.8435767222222224,1.9959211388888891
3192.0,3.4485,-1.3001,0.8432156111111111,1.9959211388888891
3193.0,3.4485,-1.3,0.8428544722222224,1.9959211388888891
3194.0,3.4482,-1.3,0.8424933611111112,1.9959211388888891
3195.0,3.4484,-1.3,0.8421322499999999,1.9959211388888891
3196.0,3.4479,-1.3001,0.8417711388888891,1.9959211388888891
3197.0,3.448,-1.3,0.84141,1.9959211388888891
3198.0,3.4478,-1.3,0.841048888888889,1.9959211388888891
3199.0,3.4477,-1.3,0.8406877777777779,1.9959211388888891
3200.0,3.4475,-1.3001,0.8403266666666667,1.9959211388888891
3201.0,3.4477,-1.3,0.8399655277777776,1.9959211388888891
3202.0,3.4474,-1.3001,0.8396044166666667,1.9959211388888891
3203.0,3.4474,-1.3001,0.8392432777777776,1.9959211388888891
3204.0,3.4471,-1.3001,0.838882138888889,1.9959211388888891
3205.0,3.4472,-1.3,0.8385209999999998,1.9959211388888891
3206.0,3.4469,-1.3001,0.838159888888889,1.9959211388888891
3207.0,3.4469,-1.3,0.8377987499999999,1.9959211388888891
3208.0,3.4467,-1.3,0.8374376388888887,1.9959211388888891
3209.0,3.4469,-1.3,0.8370765277777779,1.9959211388888891
3210.0,3.4468,-1.3001,0.8367154166666666,1.9959211388888891
3211.0,3.4466,-1.3001,0.8363542777777779,1.9959211388888891
3212.0,3.4464,-1.3001,0.8359931388888888,1.9959211388888891
3213.0,3.4462,-1.3,0.8356320000000002,1.9959211388888891
3214.0,3.446,-1.3,0.8352708888888889,1.9959211388888891
3215.0,3.4461,-1.3,0.8349097777777776,1.9959211388888891
3216.0,3.4462,-1.3,0.8345486666666668,1.9959211388888891
3217.0,3.446,-1.3001,0.8341875555555556,1.9959211388888891
3218.0,3.4456,-1.3,0.8338264166666667,1.9959211388888891
3219.0,3.4457,-1.3,0.8334653055555556,1.9959211388888891
3220.0,3.4455,-1.3,0.8331041944444444,1.9959211388888891
3221.0,3.4454,-1.3,0.8327430833333334,1.9959211388888891
3222.0,3.4455,-1.3,0.8323819722222223,1.9959211388888891
3223.0,3.4453,-1.3,0.8320208611111111,1.9959211388888891
3224.0,3.4451,-1.3,0.8316597499999998,1.9959211388888891
3225.0,3.4453,-1.3,0.831298638888889,1.9959211388888891
3226.0,3.4451,-1.3,0.8309375277777777,1.9959211388888891
3227.0,3.4449,-1.3,0.8305764166666665,1.9959211388888891
3228.0,3.4447,-1.3001,0.8302153055555557,1.9959211388888891
3229.0,3.4446,-1.3001,0.8298541666666666,1.9959211388888891
3230.0,3.4445,-1.3,0.8294930277777779,1.9959211388888891
3231.0,3.4444,-1.3001,0.8291319166666666,1.9959211388888891
3232.0,3.4443,-1.3001,0.8287707777777777,1.9959211388888891
3233.0,3.4442,-1.3,0.8284096388888889,1.9959211388888891
3234.0,3.4441,-1.3001,0.8280485277777776,1.9959211388888891
3235.0,3.4441,-1.3,0.8276873888888889,1.9959211388888891
3236.0,3.4442,-1.3001,0.8273262777777777,1.9959211388888891
3237.0,3.4439,-1.3001,0.826965138888889,1.9959211388888891
3238.0,3.4438,-1.3001,0.8266039999999999,1.9959211388888891
3239.0,3.4435,-1.3001,0.8262428611111112,1.9959211388888891
3240.0,3.4437,-1.3,0.8258817222222221,1.9959211388888891
3241.0,3.4435,-1.3001,0.8255206111111111,1.9959211388888891
3242.0,3.4435,-1.3,0.8251594722222222,1.9959211388888891
3243.0,3.4434,-1.3,0.8247983611111109,1.9959211388888891
3244.0,3.4433,-1.3001,0.8244372500000001,1.9959211388888891
3245.0,3.4429,-1.3001,0.824076111111111,1.9959211388888891
3246.0,3.4431,-1.3001,0.8237149722222223,1.9959211388888891
3247.0,3.443,-1.3,0.8233538333333332,1.9959211388888891
3248.0,3.4427,-1.3001,0.8229927222222222,1.9959211388888891
3249.0,3.4427,-1.3,0.8226315833333333,1.9959211388888891
3250.0,3.4425,-1.3001,0.822270472222222,1.9959211388888891
3251.0,3.4424,-1.3001,0.8219093333333334,1.9959211388888891
3252.0,3.4423,-1.3001,0.8215481944444443,1.9959211388888891
3253.0,3.4423,-1.3001,0.8211870555555556,1.9959211388888891
3254.0,3.4423,-1.3001,0.8208259166666665,1.9959211388888891
3255.0,3.4421,-1.3002,0.8204647777777778,1.9959211388888891
3256.0,3.4421,-1.3,0.8201036111111111,1.9959211388888891
3257.0,3.4419,-1.3,0.8197425,1.9959211388888891
3258.0,3.4418,-1.3001,0.8193813888888888,1.9959211388888891
3259.0,3.4418,-1.3,0.8190202499999999,1.9959211388888891
3260.0,3.4414,-1.3001,0.8186591388888889,1.9959211388888891
3261.0,3.4415,-1.3,0.8182979999999997,1.9959211388888891
3262.0,3.4413,-1.3001,0.8179368888888889,1.9959211388888891
3263.0,3.441,-1.3001,0.8175757499999998,1.9959211388888891
3264.0,3.4411,-1.3001,0.8172146111111112,1.9959211388888891
3265.0,3.441,-1.3001,0.8168534722222223,1.9959211388888891
3266.0,3.441,-1.3001,0.8164923333333334,1.9959211388888891
3267.0,3.4408,-1.3,0.8161311944444445,1.9959211388888891
3268.0,3.4407,-1.3001,0.8157700833333335,1.9959211388888891
3269.0,3.4405,-1.3,0.8154089444444443,1.9959211388888891
3270.0,3.4406,-1.3001,0.8150478333333333,1.9959211388888891
3271.0,3.4404,-1.3,0.8146866944444444,1.9959211388888891
3272.0,3.4402,-1.3,0.8143255833333334,1.9959211388888891
3273.0,3.4404,-1.3001,0.8139644722222223,1.9959211388888891
3274.0,3.4404,-1.3,0.8136033333333332,1.9959211388888891
3275.0,3.44,-1.3,0.8132422222222222,1.9959211388888891
3276.0,3.44,-1.3,0.8128811111111112,1.9959211388888891
3277.0,3.4399,-1.3,0.8125199999999999,1.9959211388888891
3278.0,3.4398,-1.3,0.8121588888888889,1.9959211388888891
3279.0,3.4398,-1.2999,0.8117977777777778,1.9959211388888891
3280.0,3.4396,-1.3001,0.8114366944444444,1.9959211388888891
3281.0,3.4395,-1.3,0.8110755555555555,1.9959211388888891
3282.0,3.4395,-1.3,0.8107144444444445,1.9959211388888891
3283.0,3.4394,-1.3001,0.8103533333333333,1.9959211388888891
3284.0,3.4393,-1.3001,0.8099921944444444,1.9959211388888891
3285.0,3.439,-1.3,0.8096310555555555,1.9959211388888891
3286.0,3.4391,-1.3001,0.8092699444444444,1.9959211388888891
3287.0,3.4388,-1.3,0.8089088055555556,1.9959211388888891
3288.0,3.4387,-1.3001,0.8085476944444443,1.9959211388888891
3289.0,3.4384,-1.3,0.8081865555555554,1.9959211388888891
3290.0,3.4387,-1.3,0.8078254444444444,1.9959211388888891
3291.0,3.4385,-1.3,0.8074643333333331,1.9959211388888891
3292.0,3.4384,-1.3,0.8071032222222221,1.9959211388888891
3293.0,3.4383,-1.3001,0.806742111111111,1.9959211388888891
3294.0,3.4384,-1.3,0.8063809722222222,1.9959211388888891
3295.0,3.4379,-1.3,0.8060198611111111,1.9959211388888891
3296.0,3.4379,-1.3001,0.8056587499999999,1.9959211388888891
3297.0,3.4379,-1.3001,0.805297611111111,1.9959211388888891
3298.0,3.4375,-1.3,0.8049364722222221,1.9959211388888891
3299.0,3.4376,-1.3001,0.804575361111111,1.9959211388888891
3300.0,3.4374,-1.3001,0.8042142222222222,1.9959211388888891
3301.0,3.4373,-1.3001,0.8038530833333333,1.9959211388888891
3302.0,3.4374,-1.3001,0.8034919444444444,1.9959211388888891
3303.0,3.4372,-1.3001,0.8031308055555555,1.9959211388888891
3304.0,3.4371,-1.3,0.8027696666666666,1.9959211388888891
3305.0,3.4371,-1.3001,0.8024085555555553,1.9959211388888891
3306.0,3.4369,-1.3,0.8020474166666665,1.9959211388888891
3307.0,3.4371,-1.3001,0.8016863055555554,1.9959211388888891
3308.0,3.4369,-1.3001,0.8013251666666665,1.9959211388888891
3309.0,3.4367,-1.3,0.8009640277777776,1.9959211388888891
3310.0,3.4368,-1.3,0.8006029166666666,1.9959211388888891
3311.0,3.4366,-1.3,0.8002418055555554,1.9959211388888891
3312.0,3.4363,-1.3,0.7998806944444443,1.9959211388888891
3313.0,3.4363,-1.3001,0.7995195833333333,1.9959211388888891
3314.0,3.4359,-1.3,0.7991584444444444,1.9959211388888891
3315.0,3.4361,-1.3,0.7987973333333334,1.9959211388888891
3316.0,3.4361,-1.3001,0.7984362222222223,1.9959211388888891
3317.0,3.4359,-1.3001,0.7980750833333332,1.9959211388888891
3318.0,3.4357,-1.3,0.7977139444444445,1.9959211388888891
3319.0,3.4357,-1.3001,0.7973528333333333,1.9959211388888891
3320.0,3.4354,-1.3,0.7969916944444444,1.9959211388888891
3321.0,3.4353,-1.3,0.7966305833333334,1.9959211388888891
3322.0,3.4352,-1.3,0.7962694722222221,1.9959211388888891
3323.0,3.4352,-1.3,0.7959083611111111,1.9959211388888891
3324.0,3.435,-1.3001,0.79554725,1.9959211388888891
3325.0,3.4351,-1.3,0.7951861111111111,1.9959211388888891
3326.0,3.4348,-1.3,0.7948250000000001,1.9959211388888891
3327.0,3.4349,-1.2999,0.7944638888888889,1.9959211388888891
3328.0,3.4347,-1.3001,0.7941028055555555,1.9959211388888891
3329.0,3.4345,-1.3001,0.7937416666666668,1.9959211388888891
3330.0,3.4345,-1.3001,0.7933805277777777,1.9959211388888891
3331.0,3.4345,-1.3,0.793019388888889,1.9959211388888891
3332.0,3.4345,-1.3,0.7926582777777778,1.9959211388888891
3333.0,3.4341,-1.3,0.7922971666666665,1.9959211388888891
3334.0,3.4344,-1.3,0.7919360555555555,1.9959211388888891
3335.0,3.4341,-1.3,0.7915749444444444,1.9959211388888891
3336.0,3.4339,-1.3,0.7912138333333332,1.9959211388888891
3337.0,3.4339,-1.3002,0.7908527222222221,1.9959211388888891
3338.0,3.4338,-1.3,0.7904915555555554,1.9959211388888891
3339.0,3.4339,-1.3001,0.7901304444444444,1.9959211388888891
3340.0,3.4336,-1.3,0.7897693055555555,1.9959211388888891
3341.0,3.4336,-1.3001,0.7894081944444444,1.9959211388888891
3342.0,3.4334,-1.3,0.7890470555555555,1.9959211388888891
3343.0,3.4333,-1.3001,0.7886859444444443,1.9959211388888891
3344.0,3.4331,-1.3001,0.7883248055555554,1.9959211388888891
3345.0,3.4331,-1.3,0.7879636666666665,1.9959211388888891
3346.0,3.433,-1.3,0.7876025555555555,1.9959211388888891
3347.0,3.4328,-1.3001,0.7872414444444444,1.9959211388888891
3348.0,3.4328,-1.2999,0.7868803055555553,1.9959211388888891
3349.0,3.4327,-1.3,0.7865192222222221,1.9959211388888891
3350.0,3.4326,-1.3,0.7861581111111111,1.9959211388888891
3351.0,3.4324,-1.3,0.7857969999999999,1.9959211388888891
3352.0,3.4324,-1.3001,0.7854358888888888,1.9959211388888891
3353.0,3.4325,-1.3,0.7850747499999999,1.9959211388888891
3354.0,3.4324,-1.3,0.7847136388888887,1.9959211388888891
3355.0,3.4322,-1.3,0.7843525277777776,1.9959211388888891
3356.0,3.432,-1.3001,0.7839914166666666,1.9959211388888891
3357.0,3.4319,-1.3001,0.7836302777777777,1.9959211388888891
3358.0,3.4318,-1.3001,0.7832691388888888,1.9959211388888891
3359.0,3.4317,-1.3,0.7829079999999999,1.9959211388888891
3360.0,3.4317,-1.3,0.7825468888888889,1.9959211388888891
3361.0,3.4313,-1.3,0.7821857777777779,1.9959211388888891
3362.0,3.4313,-1.3001,0.7818246666666666,1.9959211388888891
3363.0,3.4313,-1.3,0.7814635277777777,1.9959211388888891
3364.0,3.4311,-1.3,0.7811024166666667,1.9959211388888891
3365.0,3.431,-1.3,0.7807413055555557,1.9959211388888891
3366.0,3.4311,-1.3,0.7803801944444444,1.9959211388888891
3367.0,3.4307,-1.3001,0.7800190833333334,1.9959211388888891
3368.0,3.4308,-1.3,0.7796579444444445,1.9959211388888891
3369.0,3.4307,-1.3001,0.7792968333333332,1.9959211388888891
3370.0,3.4307,-1.3001,0.7789356944444445,1.9959211388888891
3371.0,3.4307,-1.3,0.7785745555555554,1.9959211388888891
3372.0,3.4304,-1.3001,0.7782134444444444,1.9959211388888891
3373.0,3.4305,-1.3,0.7778523055555555,1.9959211388888891
3374.0,3.4303,-1.3,0.7774911944444445,1.9959211388888891
3375.0,3.4301,-1.3,0.7771300833333334,1.9959211388888891
3376.0,3.4301,-1.3001,0.7767689722222222,1.9959211388888891
3377.0,3.4299,-1.3,0.7764078333333333,1.9959211388888891
3378.0,3.4298,-1.3001,0.7760467222222223,1.9959211388888891
3379.0,3.4296,-1.3,0.7756855833333332,1.9959211388888891
3380.0,3.4295,-1.3001,0.7753244722222221,1.9959211388888891
3381.0,3.4295,-1.3001,0.7749633333333332,1.9959211388888891
3382.0,3.4293,-1.3001,0.7746021944444443,1.9959211388888891
3383.0,3.4293,-1.3001,0.7742410555555554,1.9959211388888891
3384.0,3.4294,-1.3001,0.7738799166666666,1.9959211388888891
3385.0,3.4292,-1.3,0.7735187777777777,1.9959211388888891
3386.0,3.429,-1.3001,0.7731576666666666,1.9959211388888891
3387.0,3.4291,-1.3,0.7727965277777777,1.9959211388888891
3388.0,3.4289,-1.3,0.7724354166666665,1.9959211388888891
3389.0,3.4286,-1.3002,0.7720743055555555,1.9959211388888891
3390.0,3.4288,-1.3002,0.7717131388888887,1.9959211388888891
3391.0,3.4284,-1.3,0.7713519722222222,1.9959211388888891
3392.0,3.4286,-1.3,0.7709908611111111,1.9959211388888891
3393.0,3.4282,-1.3,0.7706297500000001,1.9959211388888891
3394.0,3.4284,-1.3001,0.7702686388888889,1.9959211388888891
3395.0,3.4281,-1.3,0.7699075,1.9959211388888891
3396.0,3.4282,-1.3001,0.7695463888888889,1.9959211388888891
3397.0,3.4282,-1.3001,0.76918525,1.9959211388888891
3398.0,3.4278,-1.3,0.7688241111111112,1.9959211388888891
3399.0,3.4277,-1.3001,0.7684629999999999,1.9959211388888891
3400.0,3.4276,-1.3,0.7681018611111112,1.9959211388888891
3401.0,3.4276,-1.3001,0.76774075,1.9959211388888891
3402.0,3.4277,-1.3,0.7673796111111111,1.9959211388888891
3403.0,3.4274,-1.3,0.7670185,1.9959211388888891
3404.0,3.4273,-1.3001,0.7666573888888888,1.9959211388888891
3405.0,3.427,-1.3001,0.7662962500000001,1.9959211388888891
3406.0,3.427,-1.3001,0.765935111111111,1.9959211388888891
3407.0,3.4271,-1.3,0.7655739722222223,1.9959211388888891
3408.0,3.427,-1.3,0.7652128611111111,1.9959211388888891
3409.0,3.4269,-1.3,0.7648517499999998,1.9959211388888891
3410.0,3.4267,-1.3,0.7644906388888888,1.9959211388888891
3411.0,3.4265,-1.3001,0.7641295277777778,1.9959211388888891
3412.0,3.4265,-1.3,0.7637683888888886,1.9959211388888891
3413.0,3.4264,-1.3001,0.7634072777777778,1.9959211388888891
3414.0,3.4264,-1.3001,0.7630461388888887,1.9959211388888891
3415.0,3.4261,-1.3,0.7626850000000001,1.9959211388888891
3416.0,3.426,-1.3001,0.7623238888888888,1.9959211388888891
3417.0,3.4264,-1.3,0.7619627499999997,1.9959211388888891
3418.0,3.426,-1.3,0.7616016388888889,1.9959211388888891
3419.0,3.4259,-1.3,0.7612405277777776,1.9959211388888891
3420.0,3.4256,-1.3,0.7608794166666664,1.9959211388888891
3421.0,3.4257,-1.3,0.7605183055555556,1.9959211388888891
3422.0,3.4255,-1.3001,0.7601571944444443,1.9959211388888891
3423.0,3.4256,-1.3001,0.7597960555555556,1.9959211388888891
3424.0,3.4254,-1.3,0.7594349166666665,1.9959211388888891
3425.0,3.4252,-1.3,0.7590738055555555,1.9959211388888891
3426.0,3.4254,-1.3001,0.7587126944444444,1.9959211388888891
3427.0,3.4251,-1.3,0.7583515555555553,1.9959211388888891
3428.0,3.4251,-1.2999,0.7579904444444445,1.9959211388888891
3429.0,3.4247,-1.3001,0.7576293611111111,1.9959211388888891
3430.0,3.4246,-1.3001,0.757268222222222,1.9959211388888891
3431.0,3.4248,-1.3,0.7569070833333333,1.9959211388888891
3432.0,3.4247,-1.3001,0.7565459722222221,1.9959211388888891
3433.0,3.4243,-1.3001,0.7561848333333334,1.9959211388888891
3434.0,3.4244,-1.3,0.7558236944444443,1.9959211388888891
3435.0,3.4244,-1.3001,0.755462583333333,1.9959211388888891
3436.0,3.4242,-1.3,0.7551014444444444,1.9959211388888891
3437.0,3.424,-1.3,0.7547403333333331,1.9959211388888891
3438.0,3.4242,-1.3001,0.7543792222222223,1.9959211388888891
3439.0,3.4239,-1.2999,0.7540180833333332,1.9959211388888891
3440.0,3.4238,-1.3001,0.753657,1.9959211388888891
3441.0,3.4237,-1.3001,0.7532958611111111,1.9959211388888891
3442.0,3.4234,-1.3,0.7529347222222222,1.9959211388888891
3443.0,3.4237,-1.3,0.752573611111111,1.9959211388888891
3444.0,3.4232,-1.3,0.7522125,1.9959211388888891
3445.0,3.4232,-1.3001,0.7518513888888889,1.9959211388888891
3446.0,3.4232,-1.2999,0.75149025,1.9959211388888891
3447.0,3.4232,-1.3001,0.7511291666666666,1.9959211388888891
3448.0,3.4232,-1.3,0.7507680277777777,1.9959211388888891
3449.0,3.4227,-1.3,0.7504069166666667,1.9959211388888891
3450.0,3.4229,-1.3,0.7500458055555554,1.9959211388888891
3451.0,3.4228,-1.3,0.7496846944444444,1.9959211388888891
3452.0,3.4226,-1.2999,0.7493235833333334,1.9959211388888891
3453.0,3.4226,-1.3,0.7489625,1.9959211388888891
3454.0,3.4225,-1.3001,0.7486013888888887,1.9959211388888891
3455.0,3.4226,-1.3,0.74824025,1.9959211388888891
3456.0,3.4223,-1.3,0.7478791388888888,1.9959211388888891
3457.0,3.4221,-1.3,0.7475180277777778,1.9959211388888891
3458.0,3.4221,-1.3001,0.7471569166666667,1.9959211388888891
3459.0,3.4218,-1.3001,0.7467957777777776,1.9959211388888891
3460.0,3.4217,-1.2999,0.746434638888889,1.9959211388888891
3461.0,3.4218,-1.3,0.7460735555555555,1.9959211388888891
3462.0,3.4216,-1.3,0.7457124444444443,1.9959211388888891
3463.0,3.4214,-1.3001,0.7453513333333333,1.9959211388888891
3464.0,3.4213,-1.3002,0.7449901944444444,1.9959211388888891
3465.0,3.4214,-1.3001,0.7446290277777778,1.9959211388888891
3466.0,3.4213,-1.3,0.7442678888888887,1.9959211388888891
3467.0,3.4212,-1.3,0.7439067777777777,1.9959211388888891
3468.0,3.4211,-1.3002,0.7435456666666667,1.9959211388888891
3469.0,3.4211,-1.3001,0.7431844999999999,1.9959211388888891
3470.0,3.4209,-1.3001,0.742823361111111,1.9959211388888891
3471.0,3.421,-1.3,0.7424622222222221,1.9959211388888891
3472.0,3.4206,-1.3001,0.7421011111111111,1.9959211388888891
3473.0,3.4205,-1.3001,0.741739972222222,1.9959211388888891
3474.0,3.4204,-1.3001,0.7413788333333333,1.9959211388888891
3475.0,3.4205,-1.3,0.7410176944444442,1.9959211388888891
3476.0,3.4202,-1.3002,0.7406565833333332,1.9959211388888891
3477.0,3.4203,-1.3,0.7402954166666664,1.9959211388888891
3478.0,3.4202,-1.3,0.7399343055555554,1.9959211388888891
3479.0,3.4199,-1.3,0.7395731944444444,1.9959211388888891
3480.0,3.4197,-1.3,0.7392120833333331,1.9959211388888891
3481.0,3.4195,-1.3001,0.7388509722222221,1.9959211388888891
3482.0,3.4197,-1.3,0.7384898333333332,1.9959211388888891
3483.0,3.4196,-1.3,0.7381287222222221,1.9959211388888891
3484.0,3.4195,-1.3,0.7377676111111111,1.9959211388888891
3485.0,3.4194,-1.3001,0.7374064999999999,1.9959211388888891
3486.0,3.4192,-1.3001,0.737045361111111,1.9959211388888891
3487.0,3.4193,-1.3,0.7366842222222221,1.9959211388888891
3488.0,3.4192,-1.3001,0.736323111111111,1.9959211388888891
3489.0,3.419,-1.3001,0.7359619722222221,1.9959211388888891
3490.0,3.419,-1.3001,0.7356008333333333,1.9959211388888891
3491.0,3.4188,-1.3001,0.7352396944444444,1.9959211388888891
3492.0,3.4189,-1.3,0.7348785555555555,1.9959211388888891
3493.0,3.4186,-1.3001,0.7345174444444444,1.9959211388888891
3494.0,3.4184,-1.3001,0.7341563055555556,1.9959211388888891
3495.0,3.4186,-1.3,0.7337951666666667,1.9959211388888891
3496.0,3.4183,-1.3,0.7334340555555554,1.9959211388888891
3497.0,3.4181,-1.3001,0.7330729444444444,1.9959211388888891
3498.0,3.4181,-1.3001,0.7327118055555555,1.9959211388888891
3499.0,3.4181,-1.3001,0.7323506666666666,1.9959211388888891
3500.0,3.4179,-1.3,0.7319895277777777,1.9959211388888891
3501.0,3.4182,-1.3,0.7316284166666664,1.9959211388888891
3502.0,3.4177,-1.3,0.7312673055555554,1.9959211388888891
3503.0,3.4177,-1.3,0.7309061944444444,1.9959211388888891
3504.0,3.4176,-1.2999,0.7305450833333331,1.9959211388888891
3505.0,3.4175,-1.3,0.7301839999999997,1.9959211388888891
3506.0,3.4173,-1.3001,0.7298228888888887,1.9959211388888891
3507.0,3.4172,-1.3001,0.7294617499999998,1.9959211388888891
3508.0,3.4173,-1.2999,0.7291006111111109,1.9959211388888891
3509.0,3.4171,-1.3,0.7287395277777777,1.9959211388888891
3510.0,3.4168,-1.3,0.7283784166666665,1.9959211388888891
3511.0,3.4168,-1.3001,0.7280173055555554,1.9959211388888891
3512.0,3.4168,-1.3001,0.7276561666666665,1.9959211388888891
3513.0,3.4166,-1.3001,0.7272950277777777,1.9959211388888891
3514.0,3.4164,-1.3001,0.7269338888888888,1.9959211388888891
3515.0,3.4164,-1.3001,0.7265727499999999,1.9959211388888891
3516.0,3.4162,-1.3001,0.726211611111111,1.9959211388888891
3517.0,3.4163,-1.3,0.7258504722222221,1.9959211388888891
3518.0,3.4162,-1.3,0.7254893611111111,1.9959211388888891
3519.0,3.4162,-1.3001,0.7251282499999998,1.9959211388888891
3520.0,3.416,-1.3001,0.7247671111111109,1.9959211388888891
3521.0,3.416,-1.3,0.724405972222222,1.9959211388888891
3522.0,3.4159,-1.3001,0.724044861111111,1.9959211388888891
3523.0,3.4157,-1.3001,0.7236837222222221,1.9959211388888891
3524.0,3.4157,-1.3001,0.7233225833333332,1.9959211388888891
3525.0,3.4156,-1.3,0.7229614444444443,1.9959211388888891
3526.0,3.4153,-1.3,0.7226003333333333,1.9959211388888891
3527.0,3.4153,-1.3,0.722239222222222,1.9959211388888891
3528.0,3.4154,-1.3001,0.721878111111111,1.9959211388888891
3529.0,3.4152,-1.3002,0.7215169722222221,1.9959211388888891
3530.0,3.4152,-1.3,0.7211558055555554,1.9959211388888891
3531.0,3.4152,-1.3,0.7207946944444443,1.9959211388888891
3532.0,3.4149,-1.3001,0.7204335833333333,1.9959211388888891
3533.0,3.4144,-1.3,0.7200724444444442,1.9959211388888891
3534.0,3.4148,-1.3,0.7197113333333331,1.9959211388888891
3535.0,3.4146,-1.3,0.7193502222222221,1.9959211388888891
3536.0,3.4145,-1.3,0.7189891111111111,1.9959211388888891
3537.0,3.4144,-1.3,0.718628,1.9959211388888891
3538.0,3.4145,-1.3,0.7182668888888888,1.9959211388888891
3539.0,3.4141,-1.3001,0.7179057777777778,1.9959211388888891
3540.0,3.4143,-1.3001,0.7175446388888889,1.9959211388888891
3541.0,3.4139,-1.3,0.7171835,1.9959211388888891
3542.0,3.4141,-1.3,0.7168223888888889,1.9959211388888891
3543.0,3.4138,-1.3,0.7164612777777777,1.9959211388888891
3544.0,3.4136,-1.3,0.7161001666666666,1.9959211388888891
3545.0,3.4137,-1.3,0.7157390555555556,1.9959211388888891
3546.0,3.4135,-1.3001,0.7153779444444444,1.9959211388888891
3547.0,3.4133,-1.3001,0.7150168055555555,1.9959211388888891
3548.0,3.4134,-1.3001,0.7146556666666666,1.9959211388888891
3549.0,3.4133,-1.3002,0.7142945277777777,1.9959211388888891
3550.0,3.4131,-1.3,0.7139333611111109,1.9959211388888891
3551.0,3.4132,-1.3,0.7135722499999999,1.9959211388888891
3552.0,3.413,-1.3001,0.7132111388888889,1.9959211388888891
3553.0,3.4131,-1.3,0.7128499999999998,1.9959211388888891
3554.0,3.4128,-1.3001,0.7124888888888887,1.9959211388888891
3555.0,3.4128,-1.3001,0.7121277499999998,1.9959211388888891
3556.0,3.4126,-1.3,0.711766611111111,1.9959211388888891
3557.0,3.4124,-1.3,0.7114054999999999,1.9959211388888891
3558.0,3.4124,-1.3001,0.7110443888888887,1.9959211388888891
3559.0,3.4125,-1.3001,0.71068325,1.9959211388888891
3560.0,3.4123,-1.2999,0.7103221111111109,1.9959211388888891
3561.0,3.412,-1.3001,0.7099610277777777,1.9959211388888891
3562.0,3.4122,-1.3,0.7095998888888888,1.9959211388888891
3563.0,3.4121,-1.3,0.7092387777777776,1.9959211388888891
3564.0,3.4119,-1.2999,0.7088776666666665,1.9959211388888891
3565.0,3.4116,-1.3,0.7085165833333333,1.9959211388888891
3566.0,3.4115,-1.3,0.7081554722222221,1.9959211388888891
3567.0,3.4115,-1.3,0.707794361111111,1.9959211388888891
3568.0,3.4113,-1.3,0.7074332499999998,1.9959211388888891
3569.0,3.411,-1.3001,0.7070721388888888,1.9959211388888891
3570.0,3.4115,-1.3001,0.7067109999999999,1.9959211388888891
3571.0,3.4113,-1.2999,0.706349861111111,1.9959211388888891
3572.0,3.411,-1.3,0.7059887777777776,1.9959211388888891
3573.0,3.4109,-1.3001,0.7056276666666665,1.9959211388888891
3574.0,3.4109,-1.3,0.7052665277777777,1.9959211388888891
3575.0,3.4109,-1.3,0.7049054166666664,1.9959211388888891
3576.0,3.4109,-1.3,0.7045443055555554,1.9959211388888891
3577.0,3.4108,-1.3001,0.7041831944444443,1.9959211388888891
3578.0,3.4104,-1.3001,0.7038220555555554,1.9959211388888891
3579.0,3.4106,-1.3,0.7034609166666665,1.9959211388888891
3580.0,3.4104,-1.3001,0.7030998055555553,1.9959211388888891
3581.0,3.4101,-1.3,0.7027386666666666,1.9959211388888891
3582.0,3.4101,-1.3,0.7023775555555554,1.9959211388888891
3583.0,3.4102,-1.3001,0.7020164444444443,1.9959211388888891
3584.0,3.4098,-1.3,0.7016553055555554,1.9959211388888891
3585.0,3.4098,-1.3,0.7012941944444442,1.9959211388888891
3586.0,3.41,-1.3001,0.7009330833333332,1.9959211388888891
3587.0,3.4095,-1.3,0.7005719444444443,1.9959211388888891
3588.0,3.4095,-1.3,0.700210833333333,1.9959211388888891
3589.0,3.4095,-1.3001,0.699849722222222,1.9959211388888891
3590.0,3.4094,-1.3,0.6994885833333331,1.9959211388888891
3591.0,3.4093,-1.3,0.699127472222222,1.9959211388888891
3592.0,3.4091,-1.3002,0.698766361111111,1.9959211388888891
3593.0,3.4087,-1.3,0.6984051944444443,1.9959211388888891
3594.0,3.4089,-1.3002,0.6980440833333332,1.9959211388888891
3595.0,3.4091,-1.3001,0.6976829166666665,1.9959211388888891
3596.0,3.4086,-1.3,0.6973217777777776,1.9959211388888891
3597.0,3.4086,-1.3001,0.6969606666666663,1.9959211388888891
3598.0,3.4087,-1.3001,0.6965995277777777,1.9959211388888891
3599.0,3.4085,-1.3,0.6962383888888886,1.9959211388888891
3600.0,3.4083,-1.3001,0.6958772777777777,1.9959211388888891
3601.0,3.4084,-1.3,0.6955161388888886,1.9959211388888891
3602.0,3.4082,-1.3,0.6951550277777776,1.9959211388888891
3603.0,3.4082,-1.3001,0.6947939166666666,1.9959211388888891
3604.0,3.4081,-1.3,0.6944327777777775,1.9959211388888891
3605.0,3.4079,-1.3,0.6940716666666666,1.9959211388888891
3606.0,3.4078,-1.3001,0.6937105555555554,1.9959211388888891
3607.0,3.4077,-1.3,0.6933494166666665,1.9959211388888891
3608.0,3.4077,-1.3001,0.6929883055555555,1.9959211388888891
3609.0,3.4074,-1.3,0.6926271666666663,1.9959211388888891
3610.0,3.4075,-1.3,0.6922660555555555,1.9959211388888891
3611.0,3.4075,-1.3,0.6919049444444443,1.9959211388888891
3612.0,3.4074,-1.3,0.691543833333333,1.9959211388888891
3613.0,3.4071,-1.3,0.691182722222222,1.9959211388888891
3614.0,3.4072,-1.3001,0.690821611111111,1.9959211388888891
3615.0,3.4068,-1.3,0.6904604722222218,1.9959211388888891
3616.0,3.4068,-1.3001,0.690099361111111,1.9959211388888891
3617.0,3.4069,-1.3,0.6897382222222221,1.9959211388888891
3618.0,3.4066,-1.3001,0.6893771111111111,1.9959211388888891
3619.0,3.4065,-1.3,0.6890159722222222,1.9959211388888891
3620.0,3.4065,-1.3,0.6886548611111112,1.9959211388888891
3621.0,3.4067,-1.2999,0.6882937499999999,1.9959211388888891
3622.0,3.4062,-1.3,0.6879326666666665,1.9959211388888891
3623.0,3.4063,-1.3001,0.6875715555555555,1.9959211388888891
3624.0,3.4063,-1.3,0.6872104166666666,1.9959211388888891
3625.0,3.406,-1.3,0.6868493055555553,1.9959211388888891
3626.0,3.406,-1.3001,0.6864881944444443,1.9959211388888891
3627.0,3.4061,-1.3,0.6861270555555554,1.9959211388888891
3628.0,3.4059,-1.3002,0.6857659444444444,1.9959211388888891
3629.0,3.4057,-1.3,0.6854047777777776,1.9959211388888891
3630.0,3.4057,-1.3,0.6850436666666666,1.9959211388888891
3631.0,3.4056,-1.3,0.6846825555555556,1.9959211388888891
3632.0,3.4055,-1.3,0.6843214444444443,1.9959211388888891
3633.0,3.4052,-1.2999,0.6839603333333331,1.9959211388888891
3634.0,3.4053,-1.3,0.6835992499999997,1.9959211388888891
3635.0,3.4053,-1.3,0.6832381388888886,1.9959211388888891
3636.0,3.4049,-1.3,0.6828770277777776,1.9959211388888891
3637.0,3.4048,-1.3,0.6825159166666663,1.9959211388888891
3638.0,3.4047,-1.3,0.6821548055555553,1.9959211388888891
3639.0,3.4047,-1.3,0.6817936944444443,1.9959211388888891
3640.0,3.4046,-1.3,0.681432583333333,1.9959211388888891
3641.0,3.4046,-1.3,0.681071472222222,1.9959211388888891
3642.0,3.4046,-1.3,0.6807103611111109,1.9959211388888891
3643.0,3.4043,-1.3001,0.6803492499999997,1.9959211388888891
3644.0,3.4043,-1.3001,0.679988111111111,1.9959211388888891
3645.0,3.4044,-1.3001,0.6796269722222219,1.9959211388888891
3646.0,3.4041,-1.3001,0.6792658333333332,1.9959211388888891
3647.0,3.404,-1.3001,0.6789046944444441,1.9959211388888891
3648.0,3.404,-1.3,0.6785435555555555,1.9959211388888891
3649.0,3.4038,-1.3001,0.6781824444444442,1.9959211388888891
3650.0,3.4038,-1.2999,0.6778213055555553,1.9959211388888891
3651.0,3.4035,-1.3001,0.6774602222222221,1.9959211388888891
3652.0,3.4034,-1.3001,0.677099083333333,1.9959211388888891
3653.0,3.4034,-1.3,0.6767379444444444,1.9959211388888891
3654.0,3.4032,-1.3001,0.6763768333333331,1.9959211388888891
3655.0,3.4033,-1.3001,0.6760156944444442,1.9959211388888891
3656.0,3.4031,-1.3,0.6756545555555553,1.9959211388888891
3657.0,3.4031,-1.3001,0.6752934444444441,1.9959211388888891
3658.0,3.4028,-1.3001,0.6749323055555554,1.9959211388888891
3659.0,3.4029,-1.2999,0.6745711666666663,1.9959211388888891
3660.0,3.4029,-1.3001,0.6742100833333331,1.9959211388888891
3661.0,3.4026,-1.3001,0.6738489444444442,1.9959211388888891
3662.0,3.4028,-1.3,0.6734878055555553,1.9959211388888891
3663.0,3.4023,-1.3,0.6731266944444443,1.9959211388888891
3664.0,3.4024,-1.3,0.6727655833333333,1.9959211388888891
3665.0,3.402,-1.3,0.672404472222222,1.9959211388888891
3666.0,3.4023,-1.3,0.672043361111111,1.9959211388888891
3667.0,3.402,-1.3001,0.6716822499999999,1.9959211388888891
3668.0,3.402,-1.3,0.671321111111111,1.9959211388888891
3669.0,3.4019,-1.3001,0.6709599999999998,1.9959211388888891
3670.0,3.4016,-1.3001,0.6705988611111109,1.9959211388888891
3671.0,3.4018,-1.3001,0.670237722222222,1.9959211388888891
3672.0,3.4017,-1.3,0.6698765833333331,1.9959211388888891
3673.0,3.4015,-1.3,0.6695154722222221,1.9959211388888891
3674.0,3.4014,-1.3,0.6691543611111108,1.9959211388888891
3675.0,3.4012,-1.3001,0.6687932499999998,1.9959211388888891
3676.0,3.4013,-1.3,0.6684321111111109,1.9959211388888891
3677.0,3.4011,-1.3001,0.6680709999999999,1.9959211388888891
3678.0,3.4012,-1.3001,0.667709861111111,1.9959211388888891
3679.0,3.401,-1.3,0.6673487222222221,1.9959211388888891
3680.0,3.4008,-1.3,0.666987611111111,1.9959211388888891
3681.0,3.4009,-1.3,0.6666264999999998,1.9959211388888891
3682.0,3.4008,-1.3001,0.6662653888888888,1.9959211388888891
3683.0,3.4008,-1.3,0.6659042499999999,1.9959211388888891
3684.0,3.4004,-1.3,0.6655431388888886,1.9959211388888891
3685.0,3.4004,-1.3,0.6651820277777776,1.9959211388888891
3686.0,3.4003,-1.3,0.6648209166666665,1.9959211388888891
3687.0,3.4002,-1.3001,0.6644598055555553,1.9959211388888891
3688.0,3.4,-1.3001,0.6640986666666666,1.9959211388888891
3689.0,3.4,-1.3001,0.6637375277777775,1.9959211388888891
3690.0,3.3999,-1.3,0.6633763888888888,1.9959211388888891
3691.0,3.4,-1.3001,0.6630152777777776,1.9959211388888891
3692.0,3.3997,-1.3001,0.6626541388888887,1.9959211388888891
3693.0,3.3998,-1.3001,0.6622929999999998,1.9959211388888891
3694.0,3.3995,-1.3002,0.6619318611111109,1.9959211388888891
3695.0,3.3994,-1.3,0.6615706944444442,1.9959211388888891
3696.0,3.3996,-1.3001,0.6612095833333334,1.9959211388888891
3697.0,3.3993,-1.3001,0.6608484444444442,1.9959211388888891
3698.0,3.399,-1.3,0.6604873055555556,1.9959211388888891
3699.0,3.3991,-1.3,0.6601261944444443,1.9959211388888891
3700.0,3.3989,-1.3001,0.6597650833333333,1.9959211388888891
3701.0,3.3991,-1.3001,0.6594039444444444,1.9959211388888891
3702.0,3.399,-1.3002,0.6590428055555555,1.9959211388888891
3703.0,3.3986,-1.3001,0.6586816388888888,1.9959211388888891
3704.0,3.3987,-1.3001,0.6583204999999999,1.9959211388888891
3705.0,3.3984,-1.3,0.657959361111111,1.9959211388888891
3706.0,3.3985,-1.3,0.6575982499999999,1.9959211388888891
3707.0,3.3984,-1.3,0.6572371388888889,1.9959211388888891
3708.0,3.3984,-1.3,0.6568760277777776,1.9959211388888891
3709.0,3.3982,-1.3001,0.6565149166666666,1.9959211388888891
3710.0,3.3979,-1.3,0.6561537777777777,1.9959211388888891
3711.0,3.3979,-1.2999,0.6557926666666665,1.9959211388888891
3712.0,3.398,-1.3,0.6554315833333331,1.9959211388888891
3713.0,3.3978,-1.2999,0.655070472222222,1.9959211388888891
3714.0,3.3976,-1.3,0.6547093888888886,1.9959211388888891
3715.0,3.3974,-1.2999,0.6543482777777776,1.9959211388888891
3716.0,3.3974,-1.3001,0.6539871944444442,1.9959211388888891
3717.0,3.3973,-1.3,0.6536260555555553,1.9959211388888891
3718.0,3.3972,-1.3,0.6532649444444443,1.9959211388888891
3719.0,3.397,-1.3,0.652903833333333,1.9959211388888891
3720.0,3.3971,-1.3001,0.652542722222222,1.9959211388888891
3721.0,3.3968,-1.3,0.6521815833333331,1.9959211388888891
3722.0,3.3972,-1.2999,0.6518204722222221,1.9959211388888891
3723.0,3.3967,-1.3,0.6514593888888887,1.9959211388888891
3724.0,3.3967,-1.3001,0.6510982777777776,1.9959211388888891
3725.0,3.3966,-1.3,0.6507371388888885,1.9959211388888891
3726.0,3.3966,-1.3,0.6503760277777777,1.9959211388888891
3727.0,3.3965,-1.3001,0.6500149166666664,1.9959211388888891
3728.0,3.3961,-1.3,0.6496537777777776,1.9959211388888891
3729.0,3.396,-1.3001,0.6492926666666665,1.9959211388888891
3730.0,3.3963,-1.3,0.6489315277777776,1.9959211388888891
3731.0,3.3959,-1.3001,0.6485704166666666,1.9959211388888891
3732.0,3.3959,-1.3,0.6482092777777777,1.9959211388888891
3733.0,3.3959,-1.3,0.6478481666666664,1.9959211388888891
3734.0,3.3956,-1.3,0.6474870555555554,1.9959211388888891
3735.0,3.3957,-1.3001,0.6471259444444444,1.9959211388888891
3736.0,3.3957,-1.3002,0.6467648055555555,1.9959211388888891
3737.0,3.3955,-1.3001,0.6464036388888887,1.9959211388888891
3738.0,3.3954,-1.3,0.6460424999999999,1.9959211388888891
3739.0,3.3952,-1.3001,0.6456813888888886,1.9959211388888891
3740.0,3.3953,-1.3,0.6453202499999999,1.9959211388888891
3741.0,3.3952,-1.3,0.6449591388888887,1.9959211388888891
3742.0,3.395,-1.2999,0.6445980277777776,1.9959211388888891
3743.0,3.3952,-1.3,0.6442369444444442,1.9959211388888891
3744.0,3.3949,-1.3,0.6438758333333332,1.9959211388888891
3745.0,3.3948,-1.3001,0.643514722222222,1.9959211388888891
3746.0,3.3949,-1.3,0.6431535833333333,1.9959211388888891
3747.0,3.3946,-1.3,0.642792472222222,1.9959211388888891
3748.0,3.3945,-1.3001,0.6424313611111108,1.9959211388888891
3749.0,3.3944,-1.3001,0.6420702222222221,1.9959211388888891
3750.0,3.3945,-1.3001,0.641709083333333,1.9959211388888891
3751.0,3.3941,-1.3001,0.6413479444444443,1.9959211388888891
3752.0,3.3941,-1.3001,0.6409868055555552,1.9959211388888891
3753.0,3.394,-1.3001,0.6406256666666665,1.9959211388888891
3754.0,3.3938,-1.3,0.6402645277777774,1.9959211388888891
3755.0,3.3939,-1.3,0.6399034166666666,1.9959211388888891
3756.0,3.3937,-1.3,0.6395423055555554,1.9959211388888891
3757.0,3.3937,-1.3,0.6391811944444441,1.9959211388888891
3758.0,3.3934,-1.3001,0.6388200833333333,1.9959211388888891
3759.0,3.3935,-1.3001,0.6384589444444442,1.9959211388888891
3760.0,3.3933,-1.3001,0.6380978055555555,1.9959211388888891
3761.0,3.3931,-1.3001,0.6377366666666664,1.9959211388888891
3762.0,3.3931,-1.3,0.6373755277777777,1.9959211388888891
3763.0,3.3929,-1.2999,0.6370144166666665,1.9959211388888891
3764.0,3.393,-1.3,0.6366533333333331,1.9959211388888891
3765.0,3.3928,-1.3002,0.6362922222222218,1.9959211388888891
3766.0,3.3928,-1.3001,0.6359310555555553,1.9959211388888891
3767.0,3.3926,-1.3002,0.6355699166666666,1.9959211388888891
3768.0,3.3924,-1.3,0.6352087499999997,1.9959211388888891
3769.0,3.3924,-1.3,0.6348476388888888,1.9959211388888891
3770.0,3.3925,-1.2999,0.6344865277777776,1.9959211388888891
3771.0,3.392,-1.3001,0.6341254444444442,1.9959211388888891
3772.0,3.3921,-1.3,0.6337643055555555,1.9959211388888891
3773.0,3.392,-1.3,0.6334031944444443,1.9959211388888891
3774.0,3.392,-1.3,0.633042083333333,1.9959211388888891
3775.0,3.3919,-1.3,0.632680972222222,1.9959211388888891
3776.0,3.3918,-1.3002,0.6323198611111109,1.9959211388888891
3777.0,3.3916,-1.3001,0.6319586944444442,1.9959211388888891
3778.0,3.3917,-1.2999,0.6315975555555553,1.9959211388888891
3779.0,3.3916,-1.3001,0.6312364722222219,1.9959211388888891
3780.0,3.3915,-1.3001,0.6308753333333332,1.9959211388888891
3781.0,3.391,-1.3,0.6305141944444441,1.9959211388888891
3782.0,3.3915,-1.3001,0.6301530833333331,1.9959211388888891
3783.0,3.3913,-1.3,0.6297919444444442,1.9959211388888891
3784.0,3.3913,-1.3001,0.6294308333333332,1.9959211388888891
3785.0,3.3909,-1.3,0.6290696944444443,1.9959211388888891
3786.0,3.3909,-1.3,0.628708583333333,1.9959211388888891
3787.0,3.3908,-1.3001,0.628347472222222,1.9959211388888891
3788.0,3.3907,-1.3001,0.6279863333333331,1.9959211388888891
3789.0,3.3907,-1.3001,0.6276251944444442,1.9959211388888891
3790.0,3.3905,-1.3,0.6272640555555553,1.9959211388888891
3791.0,3.3904,-1.3001,0.6269029444444443,1.9959211388888891
3792.0,3.3905,-1.3,0.6265418055555554,1.9959211388888891
3793.0,3.3903,-1.3,0.6261806944444441,1.9959211388888891
3794.0,3.3904,-1.3,0.6258195833333331,1.9959211388888891
3795.0,3.39,-1.3,0.6254584722222218,1.9959211388888891
3796.0,3.3896,-1.3,0.6250973611111108,1.9959211388888891
3797.0,3.3898,-1.3,0.6247362499999998,1.9959211388888891
3798.0,3.3897,-1.3001,0.6243751388888885,1.9959211388888891
3799.0,3.3896,-1.3,0.6240139999999996,1.9959211388888891
3800.0,3.3896,-1.3,0.6236528888888886,1.9959211388888891
3801.0,3.3894,-1.3001,0.6232917777777776,1.9959211388888891
3802.0,3.3894,-1.3001,0.6229306388888884,1.9959211388888891
3803.0,3.3892,-1.3,0.6225694999999998,1.9959211388888891
3804.0,3.389,-1.3002,0.6222083888888885,1.9959211388888891
3805.0,3.3892,-1.3001,0.621847222222222,1.9959211388888891
3806.0,3.3891,-1.3,0.6214860833333329,1.9959211388888891
3807.0,3.3889,-1.3,0.6211249722222218,1.9959211388888891
3808.0,3.3889,-1.3,0.6207638611111108,1.9959211388888891
3809.0,3.3887,-1.3,0.6204027499999996,1.9959211388888891
3810.0,3.3887,-1.3,0.6200416388888887,1.9959211388888891
3811.0,3.3885,-1.3,0.6196805277777775,1.9959211388888891
3812.0,3.3885,-1.3001,0.6193194166666662,1.9959211388888891
3813.0,3.3882,-1.3001,0.6189582777777776,1.9959211388888891
3814.0,3.3882,-1.3001,0.6185971388888885,1.9959211388888891
3815.0,3.3882,-1.3,0.6182359999999998,1.9959211388888891
3816.0,3.388,-1.3,0.6178748888888885,1.9959211388888891
3817.0,3.388,-1.3001,0.6175137777777775,1.9959211388888891
3818.0,3.3877,-1.3002,0.6171526388888886,1.9959211388888891
3819.0,3.3876,-1.3001,0.6167914722222221,1.9959211388888891
3820.0,3.3877,-1.3,0.616430333333333,1.9959211388888891
3821.0,3.3876,-1.3001,0.6160692222222219,1.9959211388888891
3822.0,3.3876,-1.3,0.615708083333333,1.9959211388888891
3823.0,3.3871,-1.3,0.615346972222222,1.9959211388888891
3824.0,3.3875,-1.3001,0.614985861111111,1.9959211388888891
3825.0,3.3873,-1.3,0.6146247222222221,1.9959211388888891
3826.0,3.3872,-1.3,0.614263611111111,1.9959211388888891
3827.0,3.3871,-1.2999,0.6139024999999998,1.9959211388888891
3828.0,3.387,-1.3,0.6135414166666664,1.9959211388888891
3829.0,3.3869,-1.3001,0.6131803055555554,1.9959211388888891
3830.0,3.3867,-1.3002,0.6128191666666665,1.9959211388888891
3831.0,3.3865,-1.3001,0.612458,1.9959211388888891
3832.0,3.3864,-1.3,0.6120968611111108,1.9959211388888891
3833.0,3.3864,-1.3001,0.6117357499999998,1.9959211388888891
3834.0,3.3863,-1.3001,0.6113746111111109,1.9959211388888891
3835.0,3.3865,-1.3001,0.611013472222222,1.9959211388888891
3836.0,3.3862,-1.2999,0.6106523333333331,1.9959211388888891
3837.0,3.3859,-1.3,0.6102912499999997,1.9959211388888891
3838.0,3.386,-1.3002,0.6099301388888887,1.9959211388888891
3839.0,3.3858,-1.3,0.609568972222222,1.9959211388888891
3840.0,3.3857,-1.3,0.6092078611111109,1.9959211388888891
3841.0,3.3858,-1.3001,0.6088467499999999,1.9959211388888891
3842.0,3.3856,-1.3001,0.6084856111111108,1.9959211388888891
3843.0,3.3854,-1.3001,0.6081244722222221,1.9959211388888891
3844.0,3.3854,-1.2999,0.607763333333333,1.9959211388888891
3845.0,3.3854,-1.3001,0.6074022499999998,1.9959211388888891
3846.0,3.3852,-1.3001,0.6070411111111109,1.9959211388888891
3847.0,3.3852,-1.3001,0.606679972222222,1.9959211388888891
3848.0,3.3849,-1.3,0.6063188333333331,1.9959211388888891
3849.0,3.3848,-1.3,0.6059577222222219,1.9959211388888891
3850.0,3.3847,-1.3001,0.6055966111111111,1.9959211388888891
3851.0,3.3849,-1.3,0.605235472222222,1.9959211388888891
3852.0,3.3846,-1.3001,0.6048743611111109,1.9959211388888891
3853.0,3.3844,-1.3001,0.604513222222222,1.9959211388888891
3854.0,3.3844,-1.3,0.6041520833333331,1.9959211388888891
3855.0,3.3843,-1.3001,0.6037909722222221,1.9959211388888891
3856.0,3.3842,-1.3,0.603429833333333,1.9959211388888891
3857.0,3.3842,-1.3,0.6030687222222222,1.9959211388888891
3858.0,3.384,-1.3,0.6027076111111109,1.9959211388888891
3859.0,3.3837,-1.3001,0.6023464999999997,1.9959211388888891
3860.0,3.3838,-1.3,0.601985361111111,1.9959211388888891
3861.0,3.3837,-1.3001,0.6016242499999997,1.9959211388888891
3862.0,3.3836,-1.3001,0.6012631111111111,1.9959211388888891
3863.0,3.3835,-1.3,0.600901972222222,1.9959211388888891
3864.0,3.3837,-1.3001,0.6005408611111109,1.9959211388888891
3865.0,3.3832,-1.3,0.600179722222222,1.9959211388888891
3866.0,3.3835,-1.3,0.5998186111111108,1.9959211388888891
3867.0,3.3831,-1.3001,0.5994575,1.9959211388888891
3868.0,3.3832,-1.3,0.5990963611111109,1.9959211388888891
3869.0,3.3831,-1.3001,0.5987352499999998,1.9959211388888891
3870.0,3.3829,-1.3001,0.5983741111111109,1.9959211388888891
3871.0,3.3829,-1.3,0.598012972222222,1.9959211388888891
3872.0,3.3827,-1.3,0.597651861111111,1.9959211388888891
3873.0,3.3826,-1.3,0.5972907499999998,1.9959211388888891
3874.0,3.3825,-1.3,0.5969296388888887,1.9959211388888891
3875.0,3.3826,-1.2999,0.5965685277777777,1.9959211388888891
3876.0,3.3821,-1.3001,0.5962074444444443,1.9959211388888891
3877.0,3.3824,-1.3,0.5958463055555554,1.9959211388888891
3878.0,3.382,-1.3,0.5954851944444444,1.9959211388888891
3879.0,3.3821,-1.3,0.5951240833333331,1.9959211388888891
3880.0,3.3819,-1.3001,0.5947629722222221,1.9959211388888891
3881.0,3.3817,-1.3,0.5944018333333332,1.9959211388888891
3882.0,3.3818,-1.3,0.5940407222222219,1.9959211388888891
3883.0,3.3815,-1.3001,0.5936796111111111,1.9959211388888891
3884.0,3.3817,-1.3,0.593318472222222,1.9959211388888891
3885.0,3.3814,-1.3,0.592957361111111,1.9959211388888891
3886.0,3.3814,-1.3001,0.5925962499999999,1.9959211388888891
3887.0,3.3812,-1.3001,0.5922351111111108,1.9959211388888891
3888.0,3.3812,-1.3001,0.5918739722222219,1.9959211388888891
3889.0,3.3809,-1.3001,0.591512833333333,1.9959211388888891
3890.0,3.3809,-1.3,0.5911516944444444,1.9959211388888891
3891.0,3.3809,-1.3001,0.5907905833333331,1.9959211388888891
3892.0,3.3808,-1.3001,0.5904294444444442,1.9959211388888891
3893.0,3.3807,-1.3001,0.5900683055555553,1.9959211388888891
3894.0,3.3806,-1.3,0.5897071666666664,1.9959211388888891
3895.0,3.3804,-1.3,0.5893460555555554,1.9959211388888891
3896.0,3.3805,-1.3,0.5889849444444442,1.9959211388888891
3897.0,3.3803,-1.3001,0.5886238333333331,1.9959211388888891
3898.0,3.3803,-1.3,0.5882626944444442,1.9959211388888891
3899.0,3.3802,-1.3001,0.587901583333333,1.9959211388888891
3900.0,3.3801,-1.3001,0.5875404444444443,1.9959211388888891
3901.0,3.3798,-1.2999,0.5871793055555552,1.9959211388888891
3902.0,3.3799,-1.3,0.586818222222222,1.9959211388888891
3903.0,3.3797,-1.3,0.586457111111111,1.9959211388888891
3904.0,3.3796,-1.3,0.5860959999999997,1.9959211388888891
3905.0,3.3794,-1.3,0.5857348888888887,1.9959211388888891
3906.0,3.3796,-1.3001,0.5853737777777777,1.9959211388888891
3907.0,3.3793,-1.3,0.5850126388888888,1.9959211388888891
3908.0,3.3794,-1.3,0.5846515277777775,1.9959211388888891
3909.0,3.3791,-1.3,0.5842904166666665,1.9959211388888891
3910.0,3.379,-1.3,0.5839293055555554,1.9959211388888891
3911.0,3.3789,-1.3,0.5835681944444442,1.9959211388888891
3912.0,3.3789,-1.3,0.5832070833333332,1.9959211388888891
3913.0,3.3788,-1.3001,0.5828459722222219,1.9959211388888891
3914.0,3.3787,-1.3,0.5824848333333332,1.9959211388888891
3915.0,3.3786,-1.3001,0.582123722222222,1.9959211388888891
3916.0,3.3784,-1.3,0.5817625833333331,1.9959211388888891
3917.0,3.3783,-1.3,0.581401472222222,1.9959211388888891
3918.0,3.3785,-1.2999,0.5810403611111108,1.9959211388888891
3919.0,3.3783,-1.3001,0.5806792777777776,1.9959211388888891
3920.0,3.3781,-1.3,0.5803181388888887,1.9959211388888891
3921.0,3.3781,-1.3,0.5799570277777775,1.9959211388888891
3922.0,3.3778,-1.3,0.5795959166666664,1.9959211388888891
3923.0,3.3778,-1.3,0.5792348055555554,1.9959211388888891
3924.0,3.3776,-1.3,0.5788736944444441,1.9959211388888891
3925.0,3.3776,-1.3001,0.5785125833333331,1.9959211388888891
3926.0,3.3775,-1.3,0.5781514444444442,1.9959211388888891
3927.0,3.3775,-1.3,0.577790333333333,1.9959211388888891
3928.0,3.3773,-1.3001,0.5774292222222221,1.9959211388888891
3929.0,3.3772,-1.3,0.577068083333333,1.9959211388888891
3930.0,3.3771,-1.3,0.576706972222222,1.9959211388888891
3931.0,3.3771,-1.3001,0.576345861111111,1.9959211388888891
3932.0,3.3771,-1.3001,0.5759847222222219,1.9959211388888891
3933.0,3.3769,-1.3001,0.5756235833333332,1.9959211388888891
3934.0,3.3767,-1.3,0.5752624444444441,1.9959211388888891
3935.0,3.3766,-1.3002,0.5749013333333333,1.9959211388888891
3936.0,3.3765,-1.3,0.5745401666666665,1.9959211388888891
3937.0,3.3763,-1.3,0.5741790555555555,1.9959211388888891
3938.0,3.3763,-1.2999,0.5738179444444442,1.9959211388888891
3939.0,3.3763,-1.3001,0.5734568611111108,1.9959211388888891
3940.0,3.3761,-1.3001,0.5730957222222222,1.9959211388888891
3941.0,3.3763,-1.3,0.572734583333333,1.9959211388888891
3942.0,3.3759,-1.3,0.572373472222222,1.9959211388888891
3943.0,3.3757,-1.3,0.572012361111111,1.9959211388888891
3944.0,3.3757,-1.3,0.5716512499999997,1.9959211388888891
3945.0,3.3754,-1.3,0.5712901388888887,1.9959211388888891
3946.0,3.3754,-1.3,0.5709290277777777,1.9959211388888891
3947.0,3.3754,-1.3,0.5705679166666664,1.9959211388888891
3948.0,3.3754,-1.3,0.5702068055555554,1.9959211388888891
3949.0,3.3752,-1.3,0.5698456944444443,1.9959211388888891
3950.0,3.3753,-1.3001,0.5694845833333331,1.9959211388888891
3951.0,3.3752,-1.3,0.5691234444444444,1.9959211388888891
3952.0,3.3752,-1.3001,0.5687623333333331,1.9959211388888891
3953.0,3.3749,-1.3,0.568401194444444,1.9959211388888891
3954.0,3.3749,-1.3001,0.568040083333333,1.9959211388888891
3955.0,3.3747,-1.3001,0.5676789444444441,1.9959211388888891
3956.0,3.3748,-1.3002,0.5673178055555552,1.9959211388888891
3957.0,3.3745,-1.3,0.5669566388888887,1.9959211388888891
3958.0,3.3743,-1.3,0.5665955277777774,1.9959211388888891
3959.0,3.3744,-1.3001,0.5662344166666664,1.9959211388888891
3960.0,3.3739,-1.3,0.5658732777777775,1.9959211388888891
3961.0,3.3741,-1.2999,0.5655121666666665,1.9959211388888891
3962.0,3.3742,-1.2999,0.5651510833333331,1.9959211388888891
3963.0,3.3738,-1.3001,0.5647899999999997,1.9959211388888891
3964.0,3.3737,-1.3001,0.5644288611111108,1.9959211388888891
3965.0,3.3737,-1.3001,0.5640677222222219,1.9959211388888891
3966.0,3.3736,-1.3,0.563706583333333,1.9959211388888891
3967.0,3.3736,-1.3001,0.563345472222222,1.9959211388888891
3968.0,3.3733,-1.3,0.5629843333333329,1.9959211388888891
3969.0,3.3732,-1.3,0.5626232222222218,1.9959211388888891
3970.0,3.3733,-1.3,0.5622621111111108,1.9959211388888891
3971.0,3.3732,-1.3001,0.5619009999999995,1.9959211388888891
3972.0,3.3732,-1.3001,0.5615398611111106,1.9959211388888891
3973.0,3.3728,-1.3001,0.5611787222222218,1.9959211388888891
3974.0,3.3729,-1.3,0.5608175833333329,1.9959211388888891
3975.0,3.3729,-1.3001,0.5604564722222218,1.9959211388888891
3976.0,3.3726,-1.3,0.560095333333333,1.9959211388888891
3977.0,3.3726,-1.3001,0.5597342222222219,1.9959211388888891
3978.0,3.3723,-1.3,0.559373083333333,1.9959211388888891
3979.0,3.3722,-1.3002,0.5590119722222218,1.9959211388888891
3980.0,3.3722,-1.3,0.5586508055555552,1.9959211388888891
3981.0,3.3721,-1.3,0.558289694444444,1.9959211388888891
3982.0,3.3719,-1.3,0.557928583333333,1.9959211388888891
3983.0,3.3719,-1.3,0.5575674722222219,1.9959211388888891
3984.0,3.3719,-1.3001,0.5572063611111109,1.9959211388888891
3985.0,3.3717,-1.3,0.556845222222222,1.9959211388888891
3986.0,3.3717,-1.3,0.556484111111111,1.9959211388888891
3987.0,3.3717,-1.3001,0.5561229999999997,1.9959211388888891
3988.0,3.3717,-1.3,0.5557618611111108,1.9959211388888891
3989.0,3.3716,-1.3,0.5554007499999998,1.9959211388888891
3990.0,3.3714,-1.3,0.5550396388888885,1.9959211388888891
3991.0,3.3711,-1.3,0.5546785277777775,1.9959211388888891
3992.0,3.371,-1.3001,0.5543174166666665,1.9959211388888891
3993.0,3.371,-1.2999,0.5539562777777776,1.9959211388888891
3994.0,3.3711,-1.3,0.5535951944444442,1.9959211388888891
3995.0,3.3709,-1.3,0.5532340833333331,1.9959211388888891
3996.0,3.3707,-1.3,0.5528729722222219,1.9959211388888891
3997.0,3.3707,-1.3,0.5525118611111108,1.9959211388888891
3998.0,3.3705,-1.3,0.5521507499999998,1.9959211388888891
3999.0,3.3702,-1.3001,0.5517896388888885,1.9959211388888891
4000.0,3.3703,-1.3001,0.5514284999999997,1.9959211388888891
4001.0,3.3703,-1.3,0.5510673611111108,1.9959211388888891
4002.0,3.3702,-1.3001,0.5507062499999997,1.9959211388888891
4003.0,3.37,-1.3001,0.5503451111111108,1.9959211388888891
4004.0,3.3699,-1.3,0.549983972222222,1.9959211388888891
4005.0,3.3698,-1.3,0.5496228611111109,1.9959211388888891
4006.0,3.3699,-1.3,0.5492617499999997,1.9959211388888891
4007.0,3.3697,-1.3,0.5489006388888886,1.9959211388888891
4008.0,3.3695,-1.3002,0.5485395277777776,1.9959211388888891
4009.0,3.3693,-1.3,0.5481783611111108,1.9959211388888891
4010.0,3.3692,-1.3001,0.5478172499999998,1.9959211388888891
4011.0,3.3691,-1.3,0.5474561111111109,1.9959211388888891
4012.0,3.3691,-1.3001,0.5470949999999999,1.9959211388888891
4013.0,3.369,-1.3001,0.5467338611111108,1.9959211388888891
4014.0,3.369,-1.3001,0.5463727222222221,1.9959211388888891
4015.0,3.3688,-1.3001,0.546011583333333,1.9959211388888891
4016.0,3.3686,-1.3,0.5456504444444443,1.9959211388888891
4017.0,3.3687,-1.3001,0.5452893333333331,1.9959211388888891
4018.0,3.3684,-1.3001,0.5449281944444444,1.9959211388888891
4019.0,3.3684,-1.3001,0.5445670555555553,1.9959211388888891
4020.0,3.3683,-1.3001,0.5442059166666666,1.9959211388888891
4021.0,3.3681,-1.3001,0.5438447777777775,1.9959211388888891
4022.0,3.3683,-1.2999,0.5434836388888888,1.9959211388888891
4023.0,3.3682,-1.3001,0.5431225555555554,1.9959211388888891
4024.0,3.368,-1.3001,0.5427614166666663,1.9959211388888891
4025.0,3.3682,-1.3,0.5424002777777777,1.9959211388888891
4026.0,3.3678,-1.3001,0.5420391666666664,1.9959211388888891
4027.0,3.3677,-1.3,0.5416780277777775,1.9959211388888891
4028.0,3.3676,-1.3,0.5413169166666665,1.9959211388888891
4029.0,3.3674,-1.3,0.5409558055555552,1.9959211388888891
4030.0,3.3674,-1.3001,0.5405946944444442,1.9959211388888891
4031.0,3.3675,-1.3001,0.5402335555555553,1.9959211388888891
4032.0,3.3673,-1.2999,0.5398724166666664,1.9959211388888891
4033.0,3.3671,-1.3001,0.5395113333333332,1.9959211388888891
4034.0,3.3669,-1.3,0.5391501944444441,1.9959211388888891
4035.0,3.367,-1.3,0.5387890833333331,1.9959211388888891
4036.0,3.3669,-1.3,0.538427972222222,1.9959211388888891
4037.0,3.3667,-1.3,0.5380668611111108,1.9959211388888891
4038.0,3.3666,-1.3,0.5377057499999995,1.9959211388888891
4039.0,3.3665,-1.3,0.5373446388888887,1.9959211388888891
4040.0,3.3665,-1.3,0.5369835277777775,1.9959211388888891
4041.0,3.3661,-1.3001,0.5366224166666662,1.9959211388888891
4042.0,3.3661,-1.3001,0.5362612777777775,1.9959211388888891
4043.0,3.3663,-1.3002,0.5359001388888884,1.9959211388888891
4044.0,3.3659,-1.3001,0.5355389722222219,1.9959211388888891
4045.0,3.3661,-1.3,0.535177833333333,1.9959211388888891
4046.0,3.3657,-1.3,0.534816722222222,1.9959211388888891
4047.0,3.3659,-1.3,0.5344556111111107,1.9959211388888891
4048.0,3.3656,-1.3,0.5340944999999999,1.9959211388888891
4049.0,3.3654,-1.2999,0.5337333888888887,1.9959211388888891
4050.0,3.3654,-1.3001,0.5333723055555553,1.9959211388888891
4051.0,3.3651,-1.3,0.5330111666666666,1.9959211388888891
4052.0,3.365,-1.3,0.5326500555555553,1.9959211388888891
4053.0,3.3651,-1.3001,0.5322889444444443,1.9959211388888891
4054.0,3.3651,-1.3001,0.5319278055555554,1.9959211388888891
4055.0,3.365,-1.3,0.5315666666666665,1.9959211388888891
4056.0,3.3649,-1.3001,0.5312055555555555,1.9959211388888891
4057.0,3.3647,-1.3001,0.5308444166666664,1.9959211388888891
4058.0,3.3644,-1.3001,0.5304832777777777,1.9959211388888891
4059.0,3.3644,-1.3001,0.5301221388888886,1.9959211388888891
4060.0,3.3642,-1.3,0.5297609999999999,1.9959211388888891
4061.0,3.3643,-1.3,0.5293998888888887,1.9959211388888891
4062.0,3.3641,-1.3,0.5290387777777776,1.9959211388888891
4063.0,3.3641,-1.3001,0.5286776666666666,1.9959211388888891
4064.0,3.3639,-1.3,0.5283165277777775,1.9959211388888891
4065.0,3.3639,-1.3001,0.5279554166666665,1.9959211388888891
4066.0,3.3638,-1.3001,0.5275942777777776,1.9959211388888891
4067.0,3.3635,-1.3001,0.5272331388888887,1.9959211388888891
4068.0,3.3636,-1.3001,0.5268719999999998,1.9959211388888891
4069.0,3.3634,-1.3,0.5265108611111109,1.9959211388888891
4070.0,3.3633,-1.3,0.5261497499999999,1.9959211388888891
4071.0,3.3634,-1.3001,0.5257886388888886,1.9959211388888891
4072.0,3.3632,-1.3001,0.5254274999999997,1.9959211388888891
4073.0,3.3629,-1.3001,0.5250663611111108,1.9959211388888891
4074.0,3.363,-1.3001,0.5247052222222222,1.9959211388888891
4075.0,3.3628,-1.3001,0.524344083333333,1.9959211388888891
4076.0,3.3627,-1.3001,0.5239829444444444,1.9959211388888891
4077.0,3.3628,-1.3,0.5236218055555553,1.9959211388888891
4078.0,3.3626,-1.3,0.5232606944444442,1.9959211388888891
4079.0,3.3623,-1.3,0.5228995833333332,1.9959211388888891
4080.0,3.3625,-1.2999,0.5225384722222219,1.9959211388888891
4081.0,3.3622,-1.3,0.5221773888888885,1.9959211388888891
4082.0,3.3621,-1.3,0.5218162777777775,1.9959211388888891
4083.0,3.3619,-1.3,0.5214551666666665,1.9959211388888891
4084.0,3.362,-1.3,0.5210940555555552,1.9959211388888891
4085.0,3.3621,-1.2999,0.5207329444444442,1.9959211388888891
4086.0,3.362,-1.3001,0.520371861111111,1.9959211388888891
4087.0,3.3616,-1.3001,0.5200107222222219,1.9959211388888891
4088.0,3.3616,-1.3001,0.5196495833333332,1.9959211388888891
4089.0,3.3614,-1.3,0.5192884444444441,1.9959211388888891
4090.0,3.3613,-1.3001,0.5189273333333331,1.9959211388888891
4091.0,3.3611,-1.3,0.5185661944444442,1.9959211388888891
4092.0,3.3612,-1.3,0.5182050833333331,1.9959211388888891
4093.0,3.361,-1.3,0.5178439722222221,1.9959211388888891
4094.0,3.3611,-1.3,0.5174828611111109,1.9959211388888891
4095.0,3.3609,-1.3,0.5171217499999998,1.9959211388888891
4096.0,3.3605,-1.3001,0.5167606388888888,1.9959211388888891
4097.0,3.3607,-1.3,0.5163994999999997,1.9959211388888891
4098.0,3.3605,-1.3001,0.5160383888888886,1.9959211388888891
4099.0,3.3604,-1.3,0.5156772499999998,1.9959211388888891
4100.0,3.3605,-1.3,0.5153161388888887,1.9959211388888891
4101.0,3.3601,-1.3,0.5149550277777777,1.9959211388888891
4102.0,3.3602,-1.3001,0.5145939166666664,1.9959211388888891
4103.0,3.36,-1.3001,0.5142327777777775,1.9959211388888891
4104.0,3.3599,-1.3001,0.5138716388888886,1.9959211388888891
4105.0,3.3601,-1.3001,0.5135104999999998,1.9959211388888891
4106.0,3.36,-1.3,0.5131493611111109,1.9959211388888891
4107.0,3.3595,-1.3,0.5127882499999998,1.9959211388888891
4108.0,3.3593,-1.3,0.5124271388888888,1.9959211388888891
4109.0,3.3595,-1.3,0.5120660277777775,1.9959211388888891
4110.0,3.3593,-1.3,0.5117049166666665,1.9959211388888891
4111.0,3.3592,-1.3,0.5113438055555555,1.9959211388888891
4112.0,3.359,-1.3,0.5109826944444442,1.9959211388888891
4113.0,3.3591,-1.3,0.510621583333333,1.9959211388888891
4114.0,3.3588,-1.3001,0.5102604722222222,1.9959211388888891
4115.0,3.359,-1.2999,0.509899333333333,1.9959211388888891
4116.0,3.3587,-1.3,0.5095382499999996,1.9959211388888891
4117.0,3.3585,-1.2999,0.5091771388888888,1.9959211388888891
4118.0,3.3584,-1.3,0.5088160555555554,1.9959211388888891
4119.0,3.3584,-1.3001,0.5084549444444442,1.9959211388888891
4120.0,3.3583,-1.3,0.5080938055555555,1.9959211388888891
4121.0,3.3581,-1.3001,0.5077326944444442,1.9959211388888891
4122.0,3.3581,-1.3001,0.5073715555555554,1.9959211388888891
4123.0,3.358,-1.3001,0.5070104166666665,1.9959211388888891
4124.0,3.358,-1.3,0.5066492777777776,1.9959211388888891
4125.0,3.3579,-1.3,0.5062881666666665,1.9959211388888891
4126.0,3.3577,-1.3001,0.5059270555555553,1.9959211388888891
4127.0,3.3575,-1.3001,0.5055659166666666,1.9959211388888891
4128.0,3.3575,-1.3,0.5052047777777775,1.9959211388888891
4129.0,3.3575,-1.3,0.5048436666666662,1.9959211388888891
4130.0,3.3573,-1.3001,0.5044825555555552,1.9959211388888891
4131.0,3.3572,-1.3,0.5041214166666663,1.9959211388888891
4132.0,3.3571,-1.3001,0.5037603055555553,1.9959211388888891
4133.0,3.357,-1.3001,0.5033991666666664,1.9959211388888891
4134.0,3.3566,-1.3,0.5030380277777775,1.9959211388888891
4135.0,3.3568,-1.3001,0.5026769166666665,1.9959211388888891
4136.0,3.3568,-1.3001,0.5023157777777774,1.9959211388888891
4137.0,3.3568,-1.3001,0.5019546388888887,1.9959211388888891
4138.0,3.3565,-1.3,0.5015934999999996,1.9959211388888891
4139.0,3.3564,-1.3,0.5012323888888885,1.9959211388888891
4140.0,3.3561,-1.3001,0.5008712777777775,1.9959211388888891
4141.0,3.3562,-1.3,0.5005101388888886,1.9959211388888891
4142.0,3.356,-1.3001,0.5001490277777776,1.9959211388888891
4143.0,3.3561,-1.3001,0.4997878888888885,1.9959211388888891
4144.0,3.3559,-1.3001,0.4994267499999998,1.9959211388888891
4145.0,3.3556,-1.3001,0.4990656111111109,1.9959211388888891
4146.0,3.3556,-1.3,0.49870447222222203,1.9959211388888891
4147.0,3.3553,-1.3001,0.49834336111111077,1.9959211388888891
4148.0,3.3554,-1.2999,0.4979822222222221,1.9959211388888891
4149.0,3.3553,-1.3,0.4976211388888887,1.9959211388888891
4150.0,3.3555,-1.3,0.49726002777777745,1.9959211388888891
4151.0,3.3552,-1.3,0.4968989166666664,1.9959211388888891
4152.0,3.3549,-1.3,0.4965378055555554,1.9959211388888891
4153.0,3.3548,-1.3,0.4961766944444441,1.9959211388888891
4154.0,3.3547,-1.3,0.4958155833333331,1.9959211388888891
4155.0,3.3546,-1.3,0.49545447222222205,1.9959211388888891
4156.0,3.3547,-1.3001,0.4950933611111108,1.9959211388888891
4157.0,3.3544,-1.3001,0.49473222222222213,1.9959211388888891
4158.0,3.3544,-1.3,0.494371083333333,1.9959211388888891
4159.0,3.3545,-1.3,0.494009972222222,1.9959211388888891
4160.0,3.3543,-1.3001,0.4936488611111107,1.9959211388888891
4161.0,3.3541,-1.3001,0.49328772222222184,1.9959211388888891
4162.0,3.3541,-1.3001,0.49292658333333295,1.9959211388888891
4163.0,3.3539,-1.2999,0.49256544444444406,1.9959211388888891
4164.0,3.3537,-1.3,0.4922043611111109,1.9959211388888891
4165.0,3.3535,-1.3001,0.4918432499999996,1.9959211388888891
4166.0,3.3535,-1.3001,0.49148211111111073,1.9959211388888891
4167.0,3.3533,-1.3002,0.49112097222222184,1.9959211388888891
4168.0,3.3534,-1.3,0.4907598055555553,1.9959211388888891
4169.0,3.3532,-1.3,0.49039869444444406,1.9959211388888891
4170.0,3.3531,-1.3,0.490037583333333,1.9959211388888891
4171.0,3.3531,-1.3,0.489676472222222,1.9959211388888891
4172.0,3.353,-1.3,0.48931536111111074,1.9959211388888891
4173.0,3.3526,-1.3,0.4889542499999997,1.9959211388888891
4174.0,3.3524,-1.3,0.48859313888888867,1.9959211388888891
4175.0,3.3528,-1.3001,0.4882320277777774,1.9959211388888891
4176.0,3.3525,-1.3,0.4878708888888885,1.9959211388888891
4177.0,3.3524,-1.3,0.4875097777777775,1.9959211388888891
4178.0,3.3521,-1.3,0.48714866666666645,1.9959211388888891
4179.0,3.3523,-1.3001,0.4867875555555552,1.9959211388888891
4180.0,3.352,-1.2999,0.48642641666666653,1.9959211388888891
4181.0,3.3521,-1.3001,0.4860653333333331,1.9959211388888891
4182.0,3.3518,-1.3001,0.48570419444444424,1.9959211388888891
4183.0,3.3517,-1.3001,0.48534305555555535,1.9959211388888891
4184.0,3.3515,-1.3,0.48498191666666646,1.9959211388888891
4185.0,3.3517,-1.3,0.4846208055555554,1.9959211388888891
4186.0,3.3514,-1.3,0.48425969444444417,1.9959211388888891
4187.0,3.3515,-1.3,0.48389858333333313,1.9959211388888891
4188.0,3.3513,-1.3001,0.4835374722222221,1.9959211388888891
4189.0,3.3512,-1.2999,0.483176333333333,1.9959211388888891
4190.0,3.3509,-1.3,0.4828152499999998,1.9959211388888891
4191.0,3.3507,-1.3,0.4824541388888888,1.9959211388888891
4192.0,3.3509,-1.2999,0.4820930277777775,1.9959211388888891
4193.0,3.3509,-1.3001,0.4817319444444441,1.9959211388888891
4194.0,3.3504,-1.3002,0.48137080555555545,1.9959211388888891
4195.0,3.3505,-1.3001,0.4810096388888887,1.9959211388888891
4196.0,3.3504,-1.3001,0.4806484999999998,1.9959211388888891
4197.0,3.3505,-1.3,0.4802873611111109,1.9959211388888891
4198.0,3.3501,-1.3,0.4799262499999999,1.9959211388888891
4199.0,3.3499,-1.3,0.47956513888888863,1.9959211388888891
4200.0,3.3498,-1.3,0.4792040277777776,1.9959211388888891
4201.0,3.3498,-1.3001,0.47884291666666656,1.9959211388888891
4202.0,3.3498,-1.2999,0.47848177777777745,1.9959211388888891
4203.0,3.3497,-1.3001,0.47812069444444427,1.9959211388888891
4204.0,3.3495,-1.3,0.4777595555555554,1.9959211388888891
4205.0,3.3495,-1.3001,0.4773984444444441,1.9959211388888891
4206.0,3.3493,-1.3,0.47703730555555546,1.9959211388888891
4207.0,3.3491,-1.3001,0.4766761944444442,1.9959211388888891
4208.0,3.3491,-1.3,0.47631505555555553,1.9959211388888891
4209.0,3.3491,-1.3001,0.4759539444444443,1.9959211388888891
4210.0,3.3488,-1.3,0.4755928055555554,1.9959211388888891
4211.0,3.3486,-1.3001,0.47523169444444435,1.9959211388888891
4212.0,3.3487,-1.3001,0.47487055555555546,1.9959211388888891
4213.0,3.3485,-1.3001,0.4745094166666666,1.9959211388888891
4214.0,3.3484,-1.3001,0.4741482777777777,1.9959211388888891
4215.0,3.3482,-1.3,0.4737871388888888,1.9959211388888891
4216.0,3.3485,-1.3,0.47342602777777754,1.9959211388888891
4217.0,3.3482,-1.3,0.4730649166666665,1.9959211388888891
4218.0,3.348,-1.3001,0.47270380555555547,1.9959211388888891
4219.0,3.3479,-1.3,0.47234266666666636,1.9959211388888891
4220.0,3.3477,-1.2999,0.4719815555555553,1.9959211388888891
4221.0,3.3479,-1.3,0.47162047222222214,1.9959211388888891
4222.0,3.3474,-1.3001,0.4712593611111109,1.9959211388888891
4223.0,3.3476,-1.3001,0.470898222222222,1.9959211388888891
4224.0,3.3474,-1.3,0.47053708333333333,1.9959211388888891
4225.0,3.3471,-1.3,0.4701759722222223,1.9959211388888891
4226.0,3.3472,-1.3,0.46981486111111104,1.9959211388888891
4227.0,3.3472,-1.3,0.46945375,1.9959211388888891
4228.0,3.347,-1.3001,0.46909263888888875,1.9959211388888891
4229.0,3.3469,-1.3,0.46873149999999986,1.9959211388888891
4230.0,3.3469,-1.3001,0.4683703888888888,1.9959211388888891
4231.0,3.3467,-1.3001,0.46800924999999993,1.9959211388888891
4232.0,3.3464,-1.3,0.46764811111111104,1.9959211388888891
4233.0,3.3466,-1.3001,0.467287,1.9959211388888891
4234.0,3.3463,-1.3,0.4669258611111111,1.9959211388888891
4235.0,3.3461,-1.3001,0.46656474999999986,1.9959211388888891
4236.0,3.3463,-1.3001,0.46620361111111097,1.9959211388888891
4237.0,3.3459,-1.3002,0.4658424722222221,1.9959211388888891
4238.0,3.346,-1.3,0.46548130555555556,1.9959211388888891
4239.0,3.3458,-1.3001,0.4651201944444445,1.9959211388888891
4240.0,3.3455,-1.3,0.4647590555555554,1.9959211388888891
4241.0,3.3454,-1.3,0.4643979444444446,1.9959211388888891
4242.0,3.3454,-1.3,0.46403683333333334,1.9959211388888891
4243.0,3.3454,-1.3,0.4636757222222221,1.9959211388888891
4244.0,3.3451,-1.3001,0.4633146111111113,1.9959211388888891
4245.0,3.3451,-1.3001,0.46295347222222216,1.9959211388888891
4246.0,3.345,-1.3001,0.4625923333333335,1.9959211388888891
4247.0,3.345,-1.3,0.4622311944444444,1.9959211388888891
4248.0,3.3448,-1.3001,0.4618700833333331,1.9959211388888891
4249.0,3.3448,-1.3001,0.46150894444444446,1.9959211388888891
4250.0,3.3447,-1.3,0.46114780555555535,1.9959211388888891
4251.0,3.3444,-1.3002,0.46078669444444453,1.9959211388888891
4252.0,3.3443,-1.3,0.4604255277777778,1.9959211388888891
4253.0,3.3443,-1.3,0.46006441666666675,1.9959211388888891
4254.0,3.3441,-1.3001,0.4597033055555555,1.9959211388888891
4255.0,3.344,-1.3,0.4593421666666666,1.9959211388888891
4256.0,3.344,-1.2999,0.4589810555555556,1.9959211388888891
4257.0,3.3439,-1.3001,0.45861997222222217,1.9959211388888891
4258.0,3.3437,-1.3,0.45825883333333306,1.9959211388888891
4259.0,3.3436,-1.3,0.45789772222222225,1.9959211388888891
4260.0,3.3433,-1.2999,0.457536611111111,1.9959211388888891
4261.0,3.3432,-1.3001,0.4571755277777776,1.9959211388888891
4262.0,3.3432,-1.3001,0.4568143888888889,1.9959211388888891
4263.0,3.3431,-1.3001,0.4564532499999998,1.9959211388888891
4264.0,3.343,-1.3001,0.45609211111111114,1.9959211388888891
4265.0,3.3429,-1.3,0.45573097222222203,1.9959211388888891
4266.0,3.3427,-1.3,0.4553698611111108,1.9959211388888891
4267.0,3.3426,-1.3001,0.45500874999999996,1.9959211388888891
4268.0,3.3425,-1.3,0.45464761111111085,1.9959211388888891
4269.0,3.3423,-1.3001,0.45428650000000004,1.9959211388888891
4270.0,3.3423,-1.3,0.4539253611111109,1.9959211388888891
4271.0,3.3422,-1.3001,0.45356424999999967,1.9959211388888891
4272.0,3.3423,-1.3,0.453203111111111,1.9959211388888891
4273.0,3.3422,-1.3,0.45284199999999997,1.9959211388888891
4274.0,3.3419,-1.3001,0.45248088888888893,1.9959211388888891
4275.0,3.3416,-1.3,0.4521197499999998,1.9959211388888891
4276.0,3.3416,-1.3,0.451758638888889,1.9959211388888891
4277.0,3.3415,-1.3001,0.45139752777777775,1.9959211388888891
4278.0,3.3414,-1.3,0.45103638888888886,1.9959211388888891
4279.0,3.3413,-1.2999,0.4506752777777778,1.9959211388888891
4280.0,3.3413,-1.3,0.4503141944444444,1.9959211388888891
4281.0,3.3411,-1.3,0.44995308333333317,1.9959211388888891
4282.0,3.3409,-1.3001,0.44959197222222236,1.9959211388888891
4283.0,3.3408,-1.3,0.44923083333333325,1.9959211388888891
4284.0,3.3409,-1.2999,0.448869722222222,1.9959211388888891
4285.0,3.3406,-1.3,0.4485086388888888,1.9959211388888891
4286.0,3.3405,-1.3,0.4481475277777778,1.9959211388888891
4287.0,3.3405,-1.3,0.4477864166666665,1.9959211388888891
4288.0,3.3404,-1.3,0.4474253055555557,1.9959211388888891
4289.0,3.34,-1.2999,0.44706419444444445,1.9959211388888891
4290.0,3.3403,-1.3,0.44670311111111105,1.9959211388888891
4291.0,3.3397,-1.3001,0.446342,1.9959211388888891
4292.0,3.3398,-1.3,0.4459808611111111,1.9959211388888891
4293.0,3.3398,-1.3,0.44561974999999987,1.9959211388888891
4294.0,3.3397,-1.3001,0.44525863888888906,1.9959211388888891
4295.0,3.3394,-1.3,0.44489749999999995,1.9959211388888891
4296.0,3.3393,-1.3,0.4445363888888889,1.9959211388888891
4297.0,3.3395,-1.3,0.4441752777777779,1.9959211388888891
4298.0,3.3391,-1.3001,0.4438141666666666,1.9959211388888891
4299.0,3.3391,-1.3001,0.44345302777777795,1.9959211388888891
4300.0,3.3391,-1.3001,0.44309188888888884,1.9959211388888891
4301.0,3.3392,-1.2999,0.4427307500000002,1.9959211388888891
4302.0,3.3387,-1.3,0.44236966666666677,1.9959211388888891
4303.0,3.3387,-1.3001,0.4420085555555555,1.9959211388888891
4304.0,3.3383,-1.3001,0.44164741666666685,1.9959211388888891
4305.0,3.3384,-1.3001,0.44128627777777774,1.9959211388888891
4306.0,3.3382,-1.3,0.44092513888888907,1.9959211388888891
4307.0,3.3381,-1.3001,0.4405640277777778,1.9959211388888891
4308.0,3.3381,-1.3,0.4402028888888889,1.9959211388888891
4309.0,3.3382,-1.3,0.4398417777777779,1.9959211388888891
4310.0,3.3377,-1.3,0.43948066666666663,1.9959211388888891
4311.0,3.3382,-1.3,0.4391195555555556,1.9959211388888891
4312.0,3.3377,-1.3001,0.43875844444444456,1.9959211388888891
4313.0,3.3375,-1.3001,0.43839730555555545,1.9959211388888891
4314.0,3.3374,-1.3001,0.4380361666666668,1.9959211388888891
4315.0,3.3372,-1.3,0.43767502777777767,1.9959211388888891
4316.0,3.3373,-1.3001,0.43731391666666686,1.9959211388888891
4317.0,3.337,-1.3001,0.43695277777777775,1.9959211388888891
4318.0,3.3369,-1.3001,0.4365916388888891,1.9959211388888891
4319.0,3.337,-1.3,0.43623049999999997,1.9959211388888891
4320.0,3.3368,-1.3,0.43586938888888893,1.9959211388888891
4321.0,3.3366,-1.3001,0.4355082777777779,1.9959211388888891
4322.0,3.3366,-1.3001,0.4351471388888888,1.9959211388888891
4323.0,3.3363,-1.3,0.4347860000000001,1.9959211388888891
4324.0,3.3363,-1.3,0.43442488888888886,1.9959211388888891
4325.0,3.3362,-1.3,0.4340637777777778,1.9959211388888891
4326.0,3.3362,-1.2999,0.4337026666666668,1.9959211388888891
4327.0,3.336,-1.3001,0.4333415833333334,1.9959211388888891
4328.0,3.3359,-1.3,0.4329804444444445,1.9959211388888891
4329.0,3.3359,-1.3,0.43261933333333347,1.9959211388888891
4330.0,3.3354,-1.3,0.4322582222222222,1.9959211388888891
4331.0,3.3354,-1.3001,0.4318971111111112,1.9959211388888891
4332.0,3.3354,-1.3001,0.4315359722222223,1.9959211388888891
4333.0,3.3352,-1.3,0.4311748333333334,1.9959211388888891
4334.0,3.3352,-1.3001,0.43081372222222236,1.9959211388888891
4335.0,3.3352,-1.3,0.43045258333333325,1.9959211388888891
4336.0,3.3348,-1.3,0.43009147222222244,1.9959211388888891
4337.0,3.3345,-1.3,0.4297303611111112,1.9959211388888891
4338.0,3.3346,-1.3001,0.42936925000000015,1.9959211388888891
4339.0,3.3345,-1.3,0.42900811111111126,1.9959211388888891
4340.0,3.3342,-1.3,0.428647,1.9959211388888891
4341.0,3.3343,-1.3,0.42828588888888897,1.9959211388888891
4342.0,3.3341,-1.3001,0.42792477777777793,1.9959211388888891
4343.0,3.3339,-1.3001,0.42756363888888904,1.9959211388888891
4344.0,3.3337,-1.3,0.42720250000000015,1.9959211388888891
4345.0,3.3336,-1.3001,0.4268413888888889,1.9959211388888891
4346.0,3.3337,-1.3001,0.42648025,1.9959211388888891
4347.0,3.3335,-1.3,0.4261191111111111,1.9959211388888891
4348.0,3.3335,-1.3001,0.4257580000000001,1.9959211388888891
4349.0,3.3333,-1.3,0.4253968611111112,1.9959211388888891
4350.0,3.3334,-1.3001,0.42503575000000016,1.9959211388888891
4351.0,3.3331,-1.3001,0.42467461111111127,1.9959211388888891
4352.0,3.3331,-1.3001,0.42431347222222215,1.9959211388888891
4353.0,3.3329,-1.3001,0.4239523333333335,1.9959211388888891
4354.0,3.3326,-1.3,0.4235911944444444,1.9959211388888891
4355.0,3.3324,-1.3,0.42323008333333334,1.9959211388888891
4356.0,3.3324,-1.3,0.4228689722222223,1.9959211388888891
4357.0,3.3324,-1.3,0.42250786111111105,1.9959211388888891
4358.0,3.3322,-1.3,0.42214675,1.9959211388888891
4359.0,3.332,-1.3001,0.421785638888889,1.9959211388888891
4360.0,3.3319,-1.3,0.4214245000000001,1.9959211388888891
4361.0,3.3318,-1.3,0.42106338888888906,1.9959211388888891
4362.0,3.3317,-1.3001,0.4207022777777778,1.9959211388888891
4363.0,3.3317,-1.3001,0.4203411388888889,1.9959211388888891
4364.0,3.3314,-1.3,0.41998,1.9959211388888891
4365.0,3.3312,-1.3,0.419618888888889,1.9959211388888891
4366.0,3.3311,-1.3,0.41925777777777795,1.9959211388888891
4367.0,3.3313,-1.3,0.4188966666666667,1.9959211388888891
4368.0,3.3309,-1.3,0.41853555555555566,1.9959211388888891
4369.0,3.3309,-1.3001,0.4181744444444446,1.9959211388888891
4370.0,3.3306,-1.3001,0.41781330555555574,1.9959211388888891
4371.0,3.3308,-1.3001,0.41745216666666685,1.9959211388888891
4372.0,3.3305,-1.3,0.41709102777777796,1.9959211388888891
4373.0,3.3306,-1.3,0.4167299166666669,1.9959211388888891
4374.0,3.3301,-1.3,0.41636880555555567,1.9959211388888891
4375.0,3.3303,-1.2999,0.41600769444444463,1.9959211388888891
4376.0,3.3302,-1.3001,0.41564661111111123,1.9959211388888891
4377.0,3.3297,-1.3,0.41528547222222234,1.9959211388888891
4378.0,3.3297,-1.3,0.4149243611111113,1.9959211388888891
4379.0,3.3294,-1.3001,0.41456325000000005,1.9959211388888891
4380.0,3.3296,-1.3,0.41420211111111116,1.9959211388888891
4381.0,3.3296,-1.3,0.4138410000000001,1.9959211388888891
4382.0,3.3294,-1.3,0.4134798888888891,1.9959211388888891
4383.0,3.3293,-1.3,0.41311877777777783,1.9959211388888891
4384.0,3.3289,-1.3002,0.4127576666666668,1.9959211388888891
4385.0,3.3289,-1.3,0.4123965000000003,1.9959211388888891
4386.0,3.3288,-1.2999,0.412035388888889,1.9959211388888891
4387.0,3.3285,-1.3001,0.41167430555555584,1.9959211388888891
4388.0,3.3284,-1.3,0.41131316666666695,1.9959211388888891
4389.0,3.3284,-1.2999,0.4109520555555557,1.9959211388888891
4390.0,3.3283,-1.3,0.4105909722222225,1.9959211388888891
4391.0,3.3282,-1.3001,0.41022986111111126,1.9959211388888891
4392.0,3.328,-1.3001,0.40986872222222237,1.9959211388888891
4393.0,3.3282,-1.3001,0.4095075833333335,1.9959211388888891
4394.0,3.3281,-1.3,0.4091464444444446,1.9959211388888891
4395.0,3.3279,-1.3,0.40878533333333356,1.9959211388888891
4396.0,3.3274,-1.3,0.4084242222222225,1.9959211388888891
4397.0,3.3273,-1.3001,0.40806311111111127,1.9959211388888891
4398.0,3.3272,-1.3,0.4077019722222224,1.9959211388888891
4399.0,3.3272,-1.3,0.40734086111111134,1.9959211388888891
4400.0,3.327,-1.3,0.4069797500000003,1.9959211388888891
4401.0,3.327,-1.3001,0.40661863888888905,1.9959211388888891
4402.0,3.3268,-1.3001,0.40625750000000016,1.9959211388888891
4403.0,3.3266,-1.3,0.40589636111111127,1.9959211388888891
4404.0,3.3266,-1.3,0.40553525000000024,1.9959211388888891
4405.0,3.3265,-1.3001,0.4051741388888892,1.9959211388888891
4406.0,3.3265,-1.3,0.4048130000000001,1.9959211388888891
4407.0,3.3261,-1.3001,0.40445188888888906,1.9959211388888891
4408.0,3.3262,-1.3001,0.40409075000000017,1.9959211388888891
4409.0,3.326,-1.3,0.4037296111111113,1.9959211388888891
4410.0,3.3258,-1.3001,0.40336850000000024,1.9959211388888891
4411.0,3.3258,-1.2999,0.40300736111111113,1.9959211388888891
4412.0,3.3254,-1.3,0.40264627777777795,1.9959211388888891
4413.0,3.3254,-1.3,0.4022851666666669,1.9959211388888891
4414.0,3.3251,-1.2999,0.40192405555555566,1.9959211388888891
4415.0,3.3252,-1.3001,0.40156297222222226,1.9959211388888891
4416.0,3.3252,-1.3,0.4012018333333336,1.9959211388888891
4417.0,3.325,-1.3002,0.40084072222222233,1.9959211388888891
4418.0,3.3249,-1.3,0.4004795555555558,1.9959211388888891
4419.0,3.3247,-1.3001,0.40011844444444455,1.9959211388888891
4420.0,3.3246,-1.3,0.39975730555555566,1.9959211388888891
4421.0,3.3244,-1.3,0.39939619444444463,1.9959211388888891
4422.0,3.3241,-1.3,0.3990350833333334,1.9959211388888891
4423.0,3.3242,-1.3001,0.39867397222222234,1.9959211388888891
4424.0,3.3239,-1.3,0.39831283333333345,1.9959211388888891
4425.0,3.3239,-1.3001,0.3979517222222222,1.9959211388888891
4426.0,3.3238,-1.3001,0.3975905833333335,1.9959211388888891
4427.0,3.3236,-1.3,0.3972294444444444,1.9959211388888891
4428.0,3.3235,-1.3001,0.3968683333333334,1.9959211388888891
4429.0,3.3236,-1.3,0.3965071944444445,1.9959211388888891
4430.0,3.3233,-1.3,0.39614608333333323,1.9959211388888891
4431.0,3.3232,-1.3,0.3957849722222224,1.9959211388888891
4432.0,3.3231,-1.3001,0.39542386111111116,1.9959211388888891
4433.0,3.3229,-1.3,0.39506272222222205,1.9959211388888891
4434.0,3.3228,-1.3,0.39470161111111124,1.9959211388888891
4435.0,3.3229,-1.3001,0.3943405,1.9959211388888891
4436.0,3.3224,-1.3,0.3939793611111111,1.9959211388888891
4437.0,3.3224,-1.3,0.39361825000000006,1.9959211388888891
4438.0,3.3222,-1.2999,0.3932571388888888,1.9959211388888891
4439.0,3.3222,-1.3,0.3928960555555554,1.9959211388888891
4440.0,3.3219,-1.3001,0.3925349444444446,1.9959211388888891
4441.0,3.3219,-1.3,0.3921738055555555,1.9959211388888891
4442.0,3.3218,-1.3,0.39181269444444466,1.9959211388888891
4443.0,3.3216,-1.3001,0.3914515833333334,1.9959211388888891
4444.0,3.3215,-1.3001,0.3910904444444445,1.9959211388888891
4445.0,3.3212,-1.3,0.39072930555555563,1.9959211388888891
4446.0,3.3213,-1.3,0.39036819444444437,1.9959211388888891
4447.0,3.3212,-1.3,0.39000708333333356,1.9959211388888891
4448.0,3.3208,-1.3,0.3896459722222223,1.9959211388888891
4449.0,3.321,-1.3,0.38928486111111105,1.9959211388888891
4450.0,3.3207,-1.3001,0.38892375,1.9959211388888891
4451.0,3.3206,-1.3,0.3885626111111111,1.9959211388888891
4452.0,3.3207,-1.3001,0.38820149999999987,1.9959211388888891
4453.0,3.3206,-1.3,0.3878403611111112,1.9959211388888891
4454.0,3.3202,-1.3,0.38747924999999994,1.9959211388888891
4455.0,3.32,-1.3,0.3871181388888889,1.9959211388888891
4456.0,3.3199,-1.3,0.3867570277777779,1.9959211388888891
4457.0,3.32,-1.3,0.3863959166666666,1.9959211388888891
4458.0,3.3197,-1.3001,0.3860348055555556,1.9959211388888891
4459.0,3.3194,-1.3001,0.3856736666666667,1.9959211388888891
4460.0,3.3194,-1.3001,0.3853125277777778,1.9959211388888891
4461.0,3.3192,-1.3001,0.3849513888888889,1.9959211388888891
4462.0,3.3191,-1.3,0.38459025,1.9959211388888891
4463.0,3.3191,-1.3001,0.384229138888889,1.9959211388888891
4464.0,3.3189,-1.3001,0.3838680000000001,1.9959211388888891
4465.0,3.3189,-1.3001,0.3835068611111112,1.9959211388888891
4466.0,3.3187,-1.3001,0.3831457222222223,1.9959211388888891
4467.0,3.3184,-1.3001,0.38278458333333343,1.9959211388888891
4468.0,3.3186,-1.3,0.38242344444444454,1.9959211388888891
4469.0,3.3185,-1.3001,0.3820623333333335,1.9959211388888891
4470.0,3.3182,-1.3,0.3817011944444446,1.9959211388888891
4471.0,3.3182,-1.3,0.3813400833333336,1.9959211388888891
4472.0,3.3177,-1.3001,0.3809789722222223,1.9959211388888891
4473.0,3.3177,-1.3001,0.38061783333333343,1.9959211388888891
4474.0,3.3172,-1.3001,0.38025669444444454,1.9959211388888891
4475.0,3.3172,-1.3,0.37989555555555565,1.9959211388888891
4476.0,3.3173,-1.3,0.3795344444444446,1.9959211388888891
4477.0,3.3171,-1.3001,0.37917333333333336,1.9959211388888891
4478.0,3.3169,-1.3001,0.3788121944444447,1.9959211388888891
4479.0,3.3169,-1.3001,0.3784510555555556,1.9959211388888891
4480.0,3.3167,-1.3001,0.3780899166666667,1.9959211388888891
4481.0,3.3167,-1.3001,0.3777287777777778,1.9959211388888891
4482.0,3.3165,-1.3,0.3773676388888889,1.9959211388888891
4483.0,3.3164,-1.3,0.3770065277777779,1.9959211388888891
4484.0,3.3163,-1.3001,0.3766454166666666,1.9959211388888891
4485.0,3.316,-1.3002,0.37628427777777795,1.9959211388888891
4486.0,3.316,-1.3001,0.3759231111111112,1.9959211388888891
4487.0,3.3158,-1.3,0.3755619722222223,1.9959211388888891
4488.0,3.3157,-1.3,0.37520086111111106,1.9959211388888891
4489.0,3.3156,-1.3,0.37483975,1.9959211388888891
4490.0,3.3152,-1.3,0.374478638888889,1.9959211388888891
4491.0,3.3153,-1.3,0.37411752777777774,1.9959211388888891
4492.0,3.3152,-1.3,0.3737564166666667,1.9959211388888891
4493.0,3.3148,-1.3001,0.37339530555555567,1.9959211388888891
4494.0,3.3151,-1.3,0.3730341666666668,1.9959211388888891
4495.0,3.3146,-1.3,0.37267305555555574,1.9959211388888891
4496.0,3.3147,-1.3001,0.3723119444444445,1.9959211388888891
4497.0,3.3146,-1.3,0.3719508055555558,1.9959211388888891
4498.0,3.3143,-1.3,0.37158969444444456,1.9959211388888891
4499.0,3.3143,-1.3,0.37122858333333353,1.9959211388888891
4500.0,3.3141,-1.3,0.3708674722222225,1.9959211388888891
4501.0,3.3141,-1.3,0.37050636111111124,1.9959211388888891
4502.0,3.314,-1.3001,0.3701452500000002,1.9959211388888891
4503.0,3.3137,-1.3,0.3697841111111113,1.9959211388888891
4504.0,3.3134,-1.3,0.36942300000000006,1.9959211388888891
4505.0,3.3132,-1.3,0.3690618888888888,1.9959211388888891
4506.0,3.313,-1.2999,0.36870077777777777,1.9959211388888891
4507.0,3.3131,-1.3,0.3683396944444446,1.9959211388888891
4508.0,3.3131,-1.3001,0.36797858333333333,1.9959211388888891
4509.0,3.3129,-1.3,0.36761744444444444,1.9959211388888891
4510.0,3.3128,-1.3,0.3672563333333334,1.9959211388888891
4511.0,3.3126,-1.3001,0.36689522222222215,1.9959211388888891
4512.0,3.3124,-1.3001,0.3665340833333335,1.9959211388888891
4513.0,3.3122,-1.3001,0.36617294444444437,1.9959211388888891
4514.0,3.3121,-1.3001,0.3658118055555557,1.9959211388888891
4515.0,3.3119,-1.3002,0.3654506666666666,1.9959211388888891
4516.0,3.3119,-1.3001,0.36508950000000007,1.9959211388888891
4517.0,3.3116,-1.3001,0.36472836111111095,1.9959211388888891
4518.0,3.3114,-1.3,0.3643672222222223,1.9959211388888891
4519.0,3.3114,-1.3001,0.36400611111111103,1.9959211388888891
4520.0,3.3112,-1.3,0.36364497222222236,1.9959211388888891
4521.0,3.3112,-1.3,0.3632838611111111,1.9959211388888891
4522.0,3.311,-1.3001,0.36292274999999985,1.9959211388888891
4523.0,3.3109,-1.3,0.3625616111111112,1.9959211388888891
4524.0,3.3107,-1.3,0.3622004999999999,1.9959211388888891
4525.0,3.3106,-1.3,0.3618393888888889,1.9959211388888891
4526.0,3.3103,-1.3,0.36147827777777786,1.9959211388888891
4527.0,3.3103,-1.3001,0.3611171666666666,1.9959211388888891
4528.0,3.3102,-1.3001,0.36075602777777793,1.9959211388888891
4529.0,3.31,-1.3,0.36039488888888904,1.9959211388888891
4530.0,3.3099,-1.3,0.360033777777778,1.9959211388888891
4531.0,3.3099,-1.3001,0.35967266666666675,1.9959211388888891
4532.0,3.3095,-1.3001,0.35931152777777786,1.9959211388888891
4533.0,3.3095,-1.3001,0.35895038888888897,1.9959211388888891
4534.0,3.3093,-1.3,0.3585892500000001,1.9959211388888891
4535.0,3.309,-1.3001,0.35822813888888905,1.9959211388888891
4536.0,3.3089,-1.3,0.35786699999999994,1.9959211388888891
4537.0,3.3089,-1.3001,0.3575058888888889,1.9959211388888891
4538.0,3.3087,-1.3,0.35714475,1.9959211388888891
4539.0,3.3085,-1.3001,0.356783638888889,1.9959211388888891
4540.0,3.3085,-1.2999,0.3564225000000001,1.9959211388888891
4541.0,3.3082,-1.3,0.3560614166666667,1.9959211388888891
4542.0,3.3081,-1.3,0.35570030555555565,1.9959211388888891
4543.0,3.3081,-1.3,0.3553391944444446,1.9959211388888891
4544.0,3.3077,-1.3,0.35497808333333336,1.9959211388888891
4545.0,3.3078,-1.3,0.3546169722222223,1.9959211388888891
4546.0,3.3076,-1.3,0.3542558611111113,1.9959211388888891
4547.0,3.3074,-1.2999,0.35389475000000004,1.9959211388888891
4548.0,3.3072,-1.3,0.35353366666666663,1.9959211388888891
4549.0,3.3072,-1.3001,0.3531725555555556,1.9959211388888891
4550.0,3.307,-1.3001,0.3528114166666667,1.9959211388888891
4551.0,3.3068,-1.3001,0.3524502777777778,1.9959211388888891
4552.0,3.3068,-1.3001,0.35208913888888893,1.9959211388888891
4553.0,3.3066,-1.3001,0.35172800000000004,1.9959211388888891
4554.0,3.3065,-1.3,0.35136686111111115,1.9959211388888891
4555.0,3.3063,-1.3,0.3510057499999999,1.9959211388888891
4556.0,3.3061,-1.3001,0.3506446388888891,1.9959211388888891
4557.0,3.3061,-1.3,0.35028349999999997,1.9959211388888891
4558.0,3.3058,-1.3001,0.34992238888888894,1.9959211388888891
4559.0,3.3058,-1.3001,0.34956125000000005,1.9959211388888891
4560.0,3.3058,-1.3001,0.34920011111111093,1.9959211388888891
4561.0,3.3051,-1.3,0.34883897222222227,1.9959211388888891
4562.0,3.3052,-1.3001,0.348477861111111,1.9959211388888891
4563.0,3.305,-1.3,0.3481167222222221,1.9959211388888891
4564.0,3.305,-1.3001,0.3477556111111111,1.9959211388888891
4565.0,3.3048,-1.3,0.3473944722222222,1.9959211388888891
4566.0,3.3046,-1.3001,0.34703336111111116,1.9959211388888891
4567.0,3.3045,-1.3001,0.34667222222222205,1.9959211388888891
4568.0,3.3046,-1.3,0.3463110833333334,1.9959211388888891
4569.0,3.304,-1.3001,0.3459499722222221,1.9959211388888891
4570.0,3.304,-1.3,0.34558883333333346,1.9959211388888891
4571.0,3.3038,-1.3,0.3452277222222222,1.9959211388888891
4572.0,3.3037,-1.3,0.34486661111111117,1.9959211388888891
4573.0,3.3035,-1.3001,0.34450550000000013,1.9959211388888891
4574.0,3.3033,-1.3,0.344144361111111,1.9959211388888891
4575.0,3.3032,-1.3,0.34378325,1.9959211388888891
4576.0,3.3031,-1.3,0.34342213888888895,1.9959211388888891
4577.0,3.3028,-1.3,0.3430610277777779,1.9959211388888891
4578.0,3.3028,-1.3002,0.3426999166666669,1.9959211388888891
4579.0,3.3028,-1.3001,0.34233875000000014,1.9959211388888891
4580.0,3.3025,-1.3,0.34197761111111125,1.9959211388888891
4581.0,3.3023,-1.3,0.3416165,1.9959211388888891
4582.0,3.3023,-1.3,0.3412553888888892,1.9959211388888891
4583.0,3.302,-1.3,0.3408942777777779,1.9959211388888891
4584.0,3.3019,-1.3,0.34053316666666666,1.9959211388888891
4585.0,3.3017,-1.3001,0.34017205555555585,1.9959211388888891
4586.0,3.3014,-1.3,0.33981091666666674,1.9959211388888891
4587.0,3.3013,-1.3001,0.3394498055555555,1.9959211388888891
4588.0,3.3016,-1.3,0.3390886666666668,1.9959211388888891
4589.0,3.3011,-1.3001,0.33872755555555556,1.9959211388888891
4590.0,3.3009,-1.3,0.3383664166666669,1.9959211388888891
4591.0,3.3009,-1.3001,0.33800530555555564,1.9959211388888891
4592.0,3.3005,-1.3001,0.33764416666666675,1.9959211388888891
4593.0,3.3005,-1.3001,0.33728302777777786,1.9959211388888891
4594.0,3.3004,-1.3001,0.33692188888888897,1.9959211388888891
4595.0,3.3001,-1.3001,0.3365607500000001,1.9959211388888891
4596.0,3.2999,-1.3001,0.3361996111111112,1.9959211388888891
4597.0,3.2998,-1.2999,0.3358384722222223,1.9959211388888891
4598.0,3.2997,-1.2999,0.3354773888888889,1.9959211388888891
4599.0,3.2995,-1.3,0.3351163055555555,1.9959211388888891
4600.0,3.2994,-1.3,0.33475519444444446,1.9959211388888891
4601.0,3.299,-1.3,0.3343940833333334,1.9959211388888891
4602.0,3.2993,-1.3,0.33403297222222217,1.9959211388888891
4603.0,3.299,-1.3,0.33367186111111113,1.9959211388888891
4604.0,3.2985,-1.3,0.3333107500000001,1.9959211388888891
4605.0,3.2985,-1.3,0.33294963888888884,1.9959211388888891
4606.0,3.2983,-1.3,0.3325885277777778,1.9959211388888891
4607.0,3.2983,-1.3,0.3322274166666668,1.9959211388888891
4608.0,3.2982,-1.3,0.3318663055555555,1.9959211388888891
4609.0,3.2979,-1.3,0.3315051944444445,1.9959211388888891
4610.0,3.298,-1.3,0.33114408333333345,1.9959211388888891
4611.0,3.2977,-1.3001,0.3307829722222222,1.9959211388888891
4612.0,3.2974,-1.3,0.3304218333333335,1.9959211388888891
4613.0,3.2975,-1.3,0.33006072222222227,1.9959211388888891
4614.0,3.2972,-1.3001,0.32969961111111123,1.9959211388888891
4615.0,3.297,-1.3001,0.32933847222222234,1.9959211388888891
4616.0,3.2967,-1.3,0.32897733333333345,1.9959211388888891
4617.0,3.2965,-1.3001,0.3286162222222224,1.9959211388888891
4618.0,3.2965,-1.3001,0.3282550833333333,1.9959211388888891
4619.0,3.2962,-1.3,0.32789394444444464,1.9959211388888891
4620.0,3.2961,-1.3,0.3275328333333334,1.9959211388888891
4621.0,3.296,-1.3001,0.32717172222222235,1.9959211388888891
4622.0,3.296,-1.3,0.32681058333333346,1.9959211388888891
4623.0,3.2956,-1.3001,0.3264494722222222,1.9959211388888891
4624.0,3.2957,-1.3,0.3260883333333333,1.9959211388888891
4625.0,3.2956,-1.3001,0.3257272222222223,1.9959211388888891
4626.0,3.2952,-1.3,0.32536608333333317,1.9959211388888891
4627.0,3.295,-1.3001,0.32500497222222235,1.9959211388888891
4628.0,3.2951,-1.3,0.32464383333333324,1.9959211388888891
4629.0,3.2948,-1.3,0.3242827222222222,1.9959211388888891
4630.0,3.2944,-1.3,0.3239216111111112,1.9959211388888891
4631.0,3.2946,-1.3001,0.3235604999999999,1.9959211388888891
4632.0,3.2943,-1.3001,0.323199361111111,1.9959211388888891
4633.0,3.2943,-1.3001,0.32283822222222214,1.9959211388888891
4634.0,3.294,-1.3001,0.32247708333333325,1.9959211388888891
4635.0,3.2938,-1.3,0.32211594444444436,1.9959211388888891
4636.0,3.2935,-1.3001,0.3217548333333333,1.9959211388888891
4637.0,3.2937,-1.3,0.32139369444444443,1.9959211388888891
4638.0,3.2932,-1.3,0.3210325833333332,1.9959211388888891
4639.0,3.2931,-1.3,0.32067147222222214,1.9959211388888891
4640.0,3.2928,-1.3,0.3203103611111111,1.9959211388888891
4641.0,3.2929,-1.3,0.3199492500000001,1.9959211388888891
4642.0,3.2926,-1.3,0.31958813888888904,1.9959211388888891
4643.0,3.2924,-1.3001,0.3192270277777778,1.9959211388888891
4644.0,3.2924,-1.3,0.3188658888888891,1.9959211388888891
4645.0,3.2923,-1.2999,0.31850477777777786,1.9959211388888891
4646.0,3.2919,-1.3,0.31814369444444446,1.9959211388888891
4647.0,3.2916,-1.3,0.3177825833333334,1.9959211388888891
4648.0,3.2915,-1.3,0.3174214722222224,1.9959211388888891
4649.0,3.2916,-1.3002,0.31706036111111113,1.9959211388888891
4650.0,3.2913,-1.3001,0.3166991944444446,1.9959211388888891
4651.0,3.2913,-1.3001,0.3163380555555555,1.9959211388888891
4652.0,3.2909,-1.3001,0.31597691666666683,1.9959211388888891
4653.0,3.2908,-1.3001,0.3156157777777777,1.9959211388888891
4654.0,3.2908,-1.3,0.31525463888888905,1.9959211388888891
4655.0,3.2906,-1.3001,0.3148935277777778,1.9959211388888891
4656.0,3.2903,-1.3001,0.3145323888888889,1.9959211388888891
4657.0,3.2903,-1.3001,0.31417125,1.9959211388888891
4658.0,3.29,-1.3,0.3138101111111111,1.9959211388888891
4659.0,3.2897,-1.3,0.3134490000000001,1.9959211388888891
4660.0,3.2896,-1.3,0.31308788888888883,1.9959211388888891
4661.0,3.2893,-1.3001,0.3127267777777778,1.9959211388888891
4662.0,3.2892,-1.3,0.3123656388888889,1.9959211388888891
4663.0,3.289,-1.3,0.3120045277777779,1.9959211388888891
4664.0,3.289,-1.3,0.31164341666666684,1.9959211388888891
4665.0,3.2888,-1.3,0.3112823055555556,1.9959211388888891
4666.0,3.2887,-1.3,0.31092119444444455,1.9959211388888891
4667.0,3.2883,-1.3001,0.3105600833333335,1.9959211388888891
4668.0,3.2881,-1.3001,0.3101989444444446,1.9959211388888891
4669.0,3.2881,-1.3,0.30983780555555573,1.9959211388888891
4670.0,3.2879,-1.3001,0.3094766944444445,1.9959211388888891
4671.0,3.2876,-1.3,0.3091155555555558,1.9959211388888891
4672.0,3.2875,-1.3,0.30875444444444455,1.9959211388888891
4673.0,3.2875,-1.3,0.3083933333333333,1.9959211388888891
4674.0,3.2871,-1.3001,0.30803222222222226,1.9959211388888891
4675.0,3.2871,-1.3,0.3076710833333334,1.9959211388888891
4676.0,3.2869,-1.3001,0.30730997222222234,1.9959211388888891
4677.0,3.2867,-1.3001,0.30694883333333345,1.9959211388888891
4678.0,3.2865,-1.3,0.30658769444444456,1.9959211388888891
4679.0,3.2863,-1.3001,0.3062265833333335,1.9959211388888891
4680.0,3.2861,-1.3,0.3058654444444444,1.9959211388888891
4681.0,3.286,-1.3,0.3055043333333334,1.9959211388888891
4682.0,3.2858,-1.3001,0.30514322222222234,1.9959211388888891
4683.0,3.2856,-1.3001,0.30478208333333345,1.9959211388888891
4684.0,3.2854,-1.3,0.30442094444444456,1.9959211388888891
4685.0,3.2853,-1.3001,0.3040598333333333,1.9959211388888891
4686.0,3.2852,-1.3001,0.30369869444444464,1.9959211388888891
4687.0,3.2848,-1.3001,0.3033375555555555,1.9959211388888891
4688.0,3.2848,-1.3001,0.30297641666666686,1.9959211388888891
4689.0,3.2845,-1.2999,0.30261527777777797,1.9959211388888891
4690.0,3.2843,-1.3,0.3022541944444448,1.9959211388888891
4691.0,3.2843,-1.3,0.30189308333333353,1.9959211388888891
4692.0,3.284,-1.3,0.3015319722222223,1.9959211388888891
4693.0,3.2837,-1.3,0.30117086111111124,1.9959211388888891
4694.0,3.2839,-1.3,0.3008097500000002,1.9959211388888891
4695.0,3.2836,-1.3,0.30044863888888895,1.9959211388888891
4696.0,3.2835,-1.3,0.30008752777777814,1.9959211388888891
4697.0,3.2829,-1.3,0.2997264166666669,1.9959211388888891
4698.0,3.2829,-1.3,0.2993653055555556,1.9959211388888891
4699.0,3.2827,-1.3,0.2990041944444448,1.9959211388888891
4700.0,3.2827,-1.3,0.29864308333333356,1.9959211388888891
4701.0,3.2825,-1.3002,0.2982819722222223,1.9959211388888891
4702.0,3.2822,-1.3,0.2979208055555558,1.9959211388888891
4703.0,3.2822,-1.3001,0.2975596944444445,1.9959211388888891
4704.0,3.2819,-1.3001,0.29719855555555563,1.9959211388888891
4705.0,3.2817,-1.3001,0.29683741666666674,1.9959211388888891
4706.0,3.2817,-1.3,0.29647627777777785,1.9959211388888891
4707.0,3.2815,-1.3001,0.2961151666666668,1.9959211388888891
4708.0,3.2813,-1.3001,0.2957540277777777,1.9959211388888891
4709.0,3.281,-1.3001,0.29539288888888904,1.9959211388888891
4710.0,3.2806,-1.3,0.2950317499999999,1.9959211388888891
4711.0,3.2806,-1.3001,0.2946706388888889,1.9959211388888891
4712.0,3.2806,-1.3002,0.2943095,1.9959211388888891
4713.0,3.2802,-1.3,0.2939483333333335,1.9959211388888891
4714.0,3.2799,-1.3,0.2935872222222222,1.9959211388888891
4715.0,3.2797,-1.3001,0.2932261111111112,1.9959211388888891
4716.0,3.2799,-1.3,0.2928649722222223,1.9959211388888891
4717.0,3.2795,-1.2999,0.29250386111111104,1.9959211388888891
4718.0,3.2792,-1.2999,0.29214277777777786,1.9959211388888891
4719.0,3.2792,-1.3,0.29178169444444446,1.9959211388888891
4720.0,3.279,-1.3,0.2914205833333334,1.9959211388888891
4721.0,3.2788,-1.3001,0.2910594722222224,1.9959211388888891
4722.0,3.2787,-1.3001,0.2906983333333335,1.9959211388888891
4723.0,3.2783,-1.3,0.2903371944444446,1.9959211388888891
4724.0,3.2781,-1.3001,0.2899760833333336,1.9959211388888891
4725.0,3.2781,-1.3,0.28961494444444447,1.9959211388888891
4726.0,3.278,-1.3001,0.28925383333333343,1.9959211388888891
4727.0,3.2776,-1.2999,0.28889269444444454,1.9959211388888891
4728.0,3.2775,-1.3001,0.28853161111111136,1.9959211388888891
4729.0,3.2771,-1.3,0.2881704722222225,1.9959211388888891
4730.0,3.2771,-1.3,0.2878093611111112,1.9959211388888891
4731.0,3.277,-1.3001,0.2874482500000002,1.9959211388888891
4732.0,3.2769,-1.3,0.2870871111111113,1.9959211388888891
4733.0,3.2764,-1.3002,0.28672600000000004,1.9959211388888891
4734.0,3.2764,-1.3,0.2863648333333335,1.9959211388888891
4735.0,3.2763,-1.3001,0.2860037222222225,1.9959211388888891
4736.0,3.2761,-1.3001,0.28564258333333337,1.9959211388888891
4737.0,3.2757,-1.3001,0.2852814444444445,1.9959211388888891
4738.0,3.2754,-1.3,0.2849203055555556,1.9959211388888891
4739.0,3.2754,-1.3001,0.28455919444444455,1.9959211388888891
4740.0,3.2752,-1.3,0.28419805555555566,1.9959211388888891
4741.0,3.275,-1.3001,0.2838369444444446,1.9959211388888891
4742.0,3.2745,-1.3,0.28347580555555574,1.9959211388888891
4743.0,3.2748,-1.3,0.2831146944444445,1.9959211388888891
4744.0,3.2742,-1.3001,0.28275358333333345,1.9959211388888891
4745.0,3.274,-1.3,0.28239244444444456,1.9959211388888891
4746.0,3.2741,-1.3001,0.2820313333333335,1.9959211388888891
4747.0,3.2736,-1.3,0.28167019444444463,1.9959211388888891
4748.0,3.2736,-1.3,0.2813090833333334,1.9959211388888891
4749.0,3.2738,-1.3,0.28094797222222234,1.9959211388888891
4750.0,3.2733,-1.3,0.2805868611111113,1.9959211388888891
4751.0,3.2732,-1.3,0.28022575000000005,1.9959211388888891
4752.0,3.2728,-1.3,0.2798646388888888,1.9959211388888891
4753.0,3.2726,-1.3001,0.27950352777777776,1.9959211388888891
4754.0,3.2725,-1.3002,0.27914238888888887,1.9959211388888891
4755.0,3.2724,-1.3,0.2787812222222221,1.9959211388888891
4756.0,3.2719,-1.3001,0.2784201111111111,1.9959211388888891
4757.0,3.2718,-1.3001,0.2780589722222222,1.9959211388888891
4758.0,3.2716,-1.3,0.2776978333333333,1.9959211388888891
4759.0,3.2714,-1.3,0.2773367222222223,1.9959211388888891
4760.0,3.2712,-1.3,0.276975611111111,1.9959211388888891
4761.0,3.2711,-1.3,0.2766145,1.9959211388888891
4762.0,3.271,-1.3,0.27625338888888895,1.9959211388888891
4763.0,3.2707,-1.3,0.2758922777777777,1.9959211388888891
4764.0,3.2707,-1.2999,0.27553116666666666,1.9959211388888891
4765.0,3.2702,-1.2999,0.27517008333333326,1.9959211388888891
4766.0,3.27,-1.3,0.2748090000000001,1.9959211388888891
4767.0,3.2698,-1.3001,0.2744478888888888,1.9959211388888891
4768.0,3.2695,-1.3,0.27408675000000016,1.9959211388888891
4769.0,3.2694,-1.3,0.2737256388888889,1.9959211388888891
4770.0,3.2692,-1.3001,0.27336452777777787,1.9959211388888891
4771.0,3.2689,-1.3,0.273003388888889,1.9959211388888891
4772.0,3.2688,-1.3,0.27264227777777794,1.9959211388888891
4773.0,3.2685,-1.3001,0.2722811666666667,1.9959211388888891
4774.0,3.2685,-1.3,0.2719200277777778,1.9959211388888891
4775.0,3.2681,-1.3001,0.27155891666666676,1.9959211388888891
4776.0,3.2681,-1.3,0.27119777777777787,1.9959211388888891
4777.0,3.2678,-1.3001,0.2708366666666666,1.9959211388888891
4778.0,3.2675,-1.3,0.27047552777777795,1.9959211388888891
4779.0,3.2674,-1.3,0.2701144166666667,1.9959211388888891
4780.0,3.267,-1.3001,0.26975330555555566,1.9959211388888891
4781.0,3.2669,-1.3,0.26939216666666677,1.9959211388888891
4782.0,3.2669,-1.3001,0.2690310555555555,1.9959211388888891
4783.0,3.2665,-1.3,0.26866991666666684,1.9959211388888891
4784.0,3.2664,-1.3,0.2683088055555556,1.9959211388888891
4785.0,3.2663,-1.3,0.26794769444444455,1.9959211388888891
4786.0,3.2659,-1.3,0.2675865833333335,1.9959211388888891
4787.0,3.2657,-1.3,0.26722547222222226,1.9959211388888891
4788.0,3.2655,-1.3,0.2668643611111112,1.9959211388888891
4789.0,3.2653,-1.2999,0.2665032500000002,1.9959211388888891
4790.0,3.2651,-1.3,0.2661421666666668,1.9959211388888891
4791.0,3.265,-1.3001,0.26578105555555553,1.9959211388888891
4792.0,3.2647,-1.2999,0.26541991666666664,1.9959211388888891
4793.0,3.2644,-1.2999,0.26505883333333347,1.9959211388888891
4794.0,3.2641,-1.3,0.26469775000000006,1.9959211388888891
4795.0,3.2641,-1.3001,0.26433663888888903,1.9959211388888891
4796.0,3.2638,-1.3001,0.26397550000000014,1.9959211388888891
4797.0,3.2638,-1.3,0.26361436111111125,1.9959211388888891
4798.0,3.2634,-1.3,0.26325325,1.9959211388888891
4799.0,3.2632,-1.3,0.26289213888888896,1.9959211388888891
4800.0,3.2631,-1.3,0.2625310277777777,1.9959211388888891
4801.0,3.2629,-1.3001,0.26216991666666667,1.9959211388888891
4802.0,3.2625,-1.3001,0.2618087777777778,1.9959211388888891
4803.0,3.2621,-1.2999,0.2614476388888889,1.9959211388888891
4804.0,3.262,-1.2999,0.2610865555555557,1.9959211388888891
4805.0,3.262,-1.3001,0.2607254722222223,1.9959211388888891
4806.0,3.2619,-1.3,0.2603643333333334,1.9959211388888891
4807.0,3.2614,-1.2999,0.2600032222222224,1.9959211388888891
4808.0,3.2613,-1.3,0.259642138888889,1.9959211388888891
4809.0,3.2611,-1.3001,0.25928102777777773,1.9959211388888891
4810.0,3.2608,-1.2999,0.25891988888888906,1.9959211388888891
4811.0,3.2606,-1.3001,0.25855880555555566,1.9959211388888891
4812.0,3.2604,-1.3001,0.25819766666666677,1.9959211388888891
4813.0,3.2603,-1.3002,0.2578365277777779,1.9959211388888891
4814.0,3.2599,-1.3,0.25747536111111113,1.9959211388888891
4815.0,3.2596,-1.3,0.2571142500000001,1.9959211388888891
4816.0,3.2594,-1.3,0.25675313888888884,1.9959211388888891
4817.0,3.2593,-1.3,0.2563920277777778,1.9959211388888891
4818.0,3.2591,-1.3,0.25603091666666655,1.9959211388888891
4819.0,3.2589,-1.3001,0.2556698055555555,1.9959211388888891
4820.0,3.2586,-1.3,0.25530866666666663,1.9959211388888891
4821.0,3.2584,-1.3,0.2549475555555556,1.9959211388888891
4822.0,3.2582,-1.3,0.25458644444444434,1.9959211388888891
4823.0,3.258,-1.3001,0.2542253333333333,1.9959211388888891
4824.0,3.2578,-1.3,0.2538641944444444,1.9959211388888891
4825.0,3.2576,-1.2999,0.2535030833333334,1.9959211388888891
4826.0,3.2574,-1.3,0.253142,1.9959211388888891
4827.0,3.257,-1.2999,0.25278088888888894,1.9959211388888891
4828.0,3.2571,-1.3,0.25241980555555554,1.9959211388888891
4829.0,3.2566,-1.2999,0.2520586944444445,1.9959211388888891
4830.0,3.2564,-1.3,0.2516976111111111,1.9959211388888891
4831.0,3.2561,-1.3,0.2513365000000001,1.9959211388888891
4832.0,3.2558,-1.3,0.2509753888888888,1.9959211388888891
4833.0,3.2556,-1.3,0.250614277777778,1.9959211388888891
4834.0,3.2555,-1.3001,0.25025316666666675,1.9959211388888891
4835.0,3.2553,-1.2999,0.24989202777777786,1.9959211388888891
4836.0,3.2552,-1.2999,0.24953094444444468,1.9959211388888891
4837.0,3.255,-1.2999,0.24916986111111128,1.9959211388888891
4838.0,3.2546,-1.3,0.24880877777777788,1.9959211388888891
4839.0,3.2542,-1.3,0.24844766666666662,1.9959211388888891
4840.0,3.2541,-1.2999,0.2480865555555558,1.9959211388888891
4841.0,3.254,-1.3,0.2477254722222224,1.9959211388888891
4842.0,3.2537,-1.3001,0.24736436111111115,1.9959211388888891
4843.0,3.2533,-1.3,0.24700322222222248,1.9959211388888891
4844.0,3.2532,-1.3,0.24664211111111123,1.9959211388888891
4845.0,3.2532,-1.3,0.24628099999999997,1.9959211388888891
4846.0,3.2528,-1.3,0.24591988888888916,1.9959211388888891
4847.0,3.2526,-1.3,0.2455587777777779,1.9959211388888891
4848.0,3.2523,-1.3,0.24519766666666665,1.9959211388888891
4849.0,3.2521,-1.2999,0.2448365555555556,1.9959211388888891
4850.0,3.252,-1.3,0.2444754722222222,1.9959211388888891
4851.0,3.2516,-1.3,0.24411436111111118,1.9959211388888891
4852.0,3.2512,-1.3001,0.24375324999999992,1.9959211388888891
4853.0,3.2511,-1.3,0.24339211111111125,1.9959211388888891
4854.0,3.2513,-1.3,0.243031,1.9959211388888891
4855.0,3.2508,-1.3,0.24266988888888896,1.9959211388888891
4856.0,3.2503,-1.3,0.2423087777777777,1.9959211388888891
4857.0,3.2502,-1.3001,0.24194766666666667,1.9959211388888891
4858.0,3.2501,-1.3,0.24158652777777778,1.9959211388888891
4859.0,3.2497,-1.3,0.24122541666666675,1.9959211388888891
4860.0,3.2495,-1.3,0.2408643055555555,1.9959211388888891
4861.0,3.2493,-1.3001,0.24050319444444446,1.9959211388888891
4862.0,3.249,-1.3001,0.24014205555555557,1.9959211388888891
4863.0,3.2488,-1.3,0.23978091666666668,1.9959211388888891
4864.0,3.2485,-1.3,0.23941980555555564,1.9959211388888891
4865.0,3.2485,-1.3,0.2390586944444444,1.9959211388888891
4866.0,3.248,-1.3,0.23869758333333335,1.9959211388888891
4867.0,3.2478,-1.3001,0.23833647222222232,1.9959211388888891
4868.0,3.2477,-1.3001,0.2379753333333332,1.9959211388888891
4869.0,3.2472,-1.3001,0.23761419444444454,1.9959211388888891
4870.0,3.2471,-1.3,0.23725305555555543,1.9959211388888891
4871.0,3.2468,-1.3,0.2368919444444444,1.9959211388888891
4872.0,3.2467,-1.3,0.23653083333333336,1.9959211388888891
4873.0,3.2464,-1.2999,0.2361697222222221,1.9959211388888891
4874.0,3.2462,-1.3001,0.2358086388888887,1.9959211388888891
4875.0,3.2457,-1.3,0.23544750000000003,1.9959211388888891
4876.0,3.2455,-1.3,0.23508638888888878,1.9959211388888891
4877.0,3.2453,-1.3001,0.23472527777777774,1.9959211388888891
4878.0,3.2452,-1.3,0.23436413888888885,1.9959211388888891
4879.0,3.245,-1.3,0.2340030277777776,1.9959211388888891
4880.0,3.2446,-1.3001,0.23364191666666656,1.9959211388888891
4881.0,3.2443,-1.3001,0.23328077777777767,1.9959211388888891
4882.0,3.244,-1.2999,0.23291963888888878,1.9959211388888891
4883.0,3.2439,-1.2999,0.2325585555555556,1.9959211388888891
4884.0,3.2439,-1.3,0.2321974722222222,1.9959211388888891
4885.0,3.2435,-1.3001,0.23183636111111094,1.9959211388888891
4886.0,3.2432,-1.3,0.23147522222222228,1.9959211388888891
4887.0,3.243,-1.3001,0.23111411111111102,1.9959211388888891
4888.0,3.2426,-1.3001,0.23075297222222213,1.9959211388888891
4889.0,3.2424,-1.3001,0.23039183333333324,1.9959211388888891
4890.0,3.2422,-1.3001,0.23003069444444435,1.9959211388888891
4891.0,3.2419,-1.3001,0.22966955555555546,1.9959211388888891
4892.0,3.2414,-1.3,0.22930841666666657,1.9959211388888891
4893.0,3.2415,-1.3,0.22894730555555554,1.9959211388888891
4894.0,3.2413,-1.3001,0.22858619444444428,1.9959211388888891
4895.0,3.2407,-1.3,0.2282250555555556,1.9959211388888891
4896.0,3.2407,-1.3,0.22786394444444436,1.9959211388888891
4897.0,3.2403,-1.3,0.22750283333333332,1.9959211388888891
4898.0,3.2402,-1.3,0.2271417222222223,1.9959211388888891
4899.0,3.2399,-1.3,0.22678061111111103,1.9959211388888891
4900.0,3.2396,-1.3,0.2264195,1.9959211388888891
4901.0,3.2395,-1.3,0.22605838888888896,1.9959211388888891
4902.0,3.2391,-1.3001,0.2256972777777777,1.9959211388888891
4903.0,3.2389,-1.3,0.22533613888888882,1.9959211388888891
4904.0,3.2388,-1.3,0.22497502777777778,1.9959211388888891
4905.0,3.2384,-1.3,0.22461391666666675,1.9959211388888891
4906.0,3.2381,-1.3001,0.2242528055555555,1.9959211388888891
4907.0,3.2378,-1.3001,0.2238916666666666,1.9959211388888891
4908.0,3.2378,-1.3,0.2235305277777777,1.9959211388888891
4909.0,3.2373,-1.2999,0.22316941666666668,1.9959211388888891
4910.0,3.2371,-1.3,0.22280833333333327,1.9959211388888891
4911.0,3.2368,-1.3,0.22244722222222224,1.9959211388888891
4912.0,3.2367,-1.3001,0.22208611111111098,1.9959211388888891
4913.0,3.2364,-1.3001,0.2217249722222221,1.9959211388888891
4914.0,3.2362,-1.3001,0.2213638333333332,1.9959211388888891
4915.0,3.2357,-1.3,0.22100269444444431,1.9959211388888891
4916.0,3.2356,-1.2999,0.22064158333333328,1.9959211388888891
4917.0,3.2354,-1.3001,0.22028049999999988,1.9959211388888891
4918.0,3.2352,-1.3,0.219919361111111,1.9959211388888891
4919.0,3.2348,-1.3001,0.21955824999999995,1.9959211388888891
4920.0,3.2345,-1.3,0.21919711111111106,1.9959211388888891
4921.0,3.2345,-1.3001,0.21883600000000003,1.9959211388888891
4922.0,3.234,-1.3,0.21847486111111114,1.9959211388888891
4923.0,3.2336,-1.3,0.21811374999999988,1.9959211388888891
4924.0,3.2334,-1.3,0.21775263888888885,1.9959211388888891
4925.0,3.2332,-1.3001,0.21739152777777782,1.9959211388888891
4926.0,3.233,-1.2999,0.21703038888888893,1.9959211388888891
4927.0,3.2325,-1.3,0.21666930555555552,1.9959211388888891
4928.0,3.2322,-1.3,0.2163081944444445,1.9959211388888891
4929.0,3.232,-1.3001,0.21594708333333346,1.9959211388888891
4930.0,3.2319,-1.3,0.21558594444444457,1.9959211388888891
4931.0,3.2315,-1.3001,0.21522483333333353,1.9959211388888891
4932.0,3.2311,-1.3001,0.21486369444444464,1.9959211388888891
4933.0,3.2311,-1.3,0.21450255555555575,1.9959211388888891
4934.0,3.2308,-1.3,0.21414144444444472,1.9959211388888891
4935.0,3.2305,-1.3,0.21378033333333346,1.9959211388888891
4936.0,3.2301,-1.3,0.21341922222222243,1.9959211388888891
4937.0,3.23,-1.3,0.2130581111111114,1.9959211388888891
4938.0,3.2297,-1.2999,0.21269700000000014,1.9959211388888891
4939.0,3.2293,-1.3,0.21233591666666674,1.9959211388888891
4940.0,3.229,-1.3,0.2119748055555557,1.9959211388888891
4941.0,3.2288,-1.3,0.21161369444444467,1.9959211388888891
4942.0,3.2284,-1.2999,0.2112525833333334,1.9959211388888891
4943.0,3.2282,-1.3,0.21089150000000023,1.9959211388888891
4944.0,3.2279,-1.3,0.21053038888888898,1.9959211388888891
4945.0,3.2276,-1.3001,0.21016927777777794,1.9959211388888891
4946.0,3.2272,-1.3,0.20980813888888883,1.9959211388888891
4947.0,3.2272,-1.3001,0.2094470277777778,1.9959211388888891
4948.0,3.2267,-1.3,0.2090858888888889,1.9959211388888891
4949.0,3.2265,-1.3,0.20872477777777765,1.9959211388888891
4950.0,3.2263,-1.3,0.2083636666666666,1.9959211388888891
4951.0,3.2259,-1.3,0.20800255555555558,1.9959211388888891
4952.0,3.2254,-1.3001,0.20764144444444455,1.9959211388888891
4953.0,3.2252,-1.3001,0.20728030555555566,1.9959211388888891
4954.0,3.225,-1.3,0.20691916666666677,1.9959211388888891
4955.0,3.2247,-1.3001,0.20655805555555573,1.9959211388888891
4956.0,3.2244,-1.3001,0.20619691666666662,1.9959211388888891
4957.0,3.2242,-1.2999,0.20583577777777795,1.9959211388888891
4958.0,3.2238,-1.3,0.20547469444444455,1.9959211388888891
4959.0,3.2236,-1.3,0.2051135833333333,1.9959211388888891
4960.0,3.2232,-1.3,0.20475247222222226,1.9959211388888891
4961.0,3.2231,-1.2999,0.20439136111111122,1.9959211388888891
4962.0,3.2227,-1.2999,0.20403027777777782,1.9959211388888891
4963.0,3.2223,-1.3001,0.20366919444444442,1.9959211388888891
4964.0,3.2223,-1.3,0.20330805555555553,1.9959211388888891
4965.0,3.2217,-1.3,0.2029469444444445,1.9959211388888891
4966.0,3.2217,-1.3,0.20258583333333324,1.9959211388888891
4967.0,3.2213,-1.3,0.2022247222222222,1.9959211388888891
4968.0,3.221,-1.3,0.20186361111111117,1.9959211388888891
4969.0,3.2209,-1.2999,0.20150249999999992,1.9959211388888891
4970.0,3.2205,-1.3001,0.20114141666666674,1.9959211388888891
4971.0,3.2201,-1.3,0.20078027777777785,1.9959211388888891
4972.0,3.2197,-1.3001,0.2004191666666666,1.9959211388888891
4973.0,3.2195,-1.3,0.20005802777777792,1.9959211388888891
4974.0,3.2191,-1.3,0.19969691666666667,1.9959211388888891
4975.0,3.2189,-1.3001,0.19933580555555563,1.9959211388888891
4976.0,3.2188,-1.3,0.19897466666666674,1.9959211388888891
4977.0,3.2183,-1.3,0.1986135555555555,1.9959211388888891
4978.0,3.2179,-1.3,0.19825244444444468,1.9959211388888891
4979.0,3.2177,-1.2999,0.19789133333333342,1.9959211388888891
4980.0,3.2174,-1.3,0.19753025000000002,1.9959211388888891
4981.0,3.2171,-1.3002,0.19716913888888898,1.9959211388888891
4982.0,3.2167,-1.3,0.19680797222222224,1.9959211388888891
4983.0,3.2165,-1.2999,0.1964468611111112,1.9959211388888891
4984.0,3.2161,-1.2999,0.19608577777777803,1.9959211388888891
4985.0,3.2156,-1.3001,0.19572469444444462,1.9959211388888891
4986.0,3.2156,-1.3001,0.1953635555555555,1.9959211388888891
4987.0,3.2153,-1.3,0.19500241666666684,1.9959211388888891
4988.0,3.2151,-1.2999,0.1946413055555556,1.9959211388888891
4989.0,3.2149,-1.3,0.1942802222222222,1.9959211388888891
4990.0,3.2145,-1.2999,0.19391911111111138,1.9959211388888891
4991.0,3.2141,-1.3,0.19355802777777797,1.9959211388888891
4992.0,3.2137,-1.3,0.19319691666666672,1.9959211388888891
4993.0,3.2134,-1.3,0.19283580555555546,1.9959211388888891
4994.0,3.213,-1.2999,0.19247469444444443,1.9959211388888891
4995.0,3.2128,-1.3,0.19211361111111125,1.9959211388888891
4996.0,3.2123,-1.2999,0.1917525,1.9959211388888891
4997.0,3.2122,-1.3001,0.1913914166666666,1.9959211388888891
4998.0,3.2118,-1.3,0.19103027777777792,1.9959211388888891
4999.0,3.2117,-1.3001,0.19066916666666667,1.9959211388888891
5000.0,3.2114,-1.3001,0.19030802777777778,1.9959211388888891
5001.0,3.2108,-1.3001,0.1899468888888889,1.9959211388888891
5002.0,3.2105,-1.3,0.18958575,1.9959211388888891
5003.0,3.2103,-1.3,0.18922463888888896,1.9959211388888891
5004.0,3.2099,-1.3001,0.1888635277777777,1.9959211388888891
5005.0,3.2096,-1.3,0.18850238888888904,1.9959211388888891
5006.0,3.2097,-1.3001,0.18814127777777778,1.9959211388888891
5007.0,3.2089,-1.3001,0.1877801388888889,1.9959211388888891
5008.0,3.2087,-1.3001,0.187419,1.9959211388888891
5009.0,3.2082,-1.3002,0.1870578611111111,1.9959211388888891
5010.0,3.208,-1.3,0.18669669444444437,1.9959211388888891
5011.0,3.2074,-1.3001,0.18633558333333333,1.9959211388888891
5012.0,3.2073,-1.3001,0.18597444444444444,1.9959211388888891
5013.0,3.2071,-1.3,0.18561330555555555,1.9959211388888891
5014.0,3.2067,-1.3001,0.18525219444444452,1.9959211388888891
5015.0,3.2063,-1.3,0.18489105555555563,1.9959211388888891
5016.0,3.206,-1.3,0.1845299444444446,1.9959211388888891
5017.0,3.2057,-1.2999,0.18416883333333334,1.9959211388888891
5018.0,3.2054,-1.2999,0.18380774999999994,1.9959211388888891
5019.0,3.2052,-1.2999,0.18344666666666676,1.9959211388888891
5020.0,3.2048,-1.3001,0.18308558333333336,1.9959211388888891
5021.0,3.2041,-1.3001,0.18272444444444447,1.9959211388888891
5022.0,3.2041,-1.3,0.18236330555555558,1.9959211388888891
5023.0,3.2038,-1.3,0.18200219444444454,1.9959211388888891
5024.0,3.2035,-1.3,0.1816410833333333,1.9959211388888891
5025.0,3.203,-1.2999,0.18127997222222225,1.9959211388888891
5026.0,3.2028,-1.3001,0.18091888888888885,1.9959211388888891
5027.0,3.2021,-1.3001,0.18055774999999996,1.9959211388888891
5028.0,3.2021,-1.3001,0.18019661111111107,1.9959211388888891
5029.0,3.2018,-1.3,0.17983547222222218,1.9959211388888891
5030.0,3.2013,-1.3,0.17947436111111115,1.9959211388888891
5031.0,3.201,-1.3,0.1791132500000001,1.9959211388888891
5032.0,3.2009,-1.3001,0.17875213888888886,1.9959211388888891
5033.0,3.2004,-1.2999,0.17839099999999997,1.9959211388888891
5034.0,3.2001,-1.2999,0.1780299166666668,1.9959211388888891
5035.0,3.1997,-1.3,0.1776688333333334,1.9959211388888891
5036.0,3.1994,-1.3001,0.17730772222222213,1.9959211388888891
5037.0,3.1989,-1.3001,0.17694658333333346,1.9959211388888891
5038.0,3.1986,-1.3,0.17658544444444435,1.9959211388888891
5039.0,3.1982,-1.3,0.17622433333333332,1.9959211388888891
5040.0,3.198,-1.3001,0.17586322222222206,1.9959211388888891
5041.0,3.1976,-1.2999,0.17550208333333317,1.9959211388888891
5042.0,3.1973,-1.3,0.17514099999999977,1.9959211388888891
5043.0,3.1968,-1.3001,0.17477988888888873,1.9959211388888891
5044.0,3.1965,-1.3,0.17441874999999984,1.9959211388888891
5045.0,3.1962,-1.3001,0.1740576388888888,1.9959211388888891
5046.0,3.1959,-1.3001,0.17369649999999992,1.9959211388888891
5047.0,3.1953,-1.3001,0.17333536111111103,1.9959211388888891
5048.0,3.1953,-1.3,0.17297422222222214,1.9959211388888891
5049.0,3.1949,-1.3,0.17261311111111088,1.9959211388888891
5050.0,3.1945,-1.3,0.17225199999999985,1.9959211388888891
5051.0,3.1942,-1.3002,0.17189088888888882,1.9959211388888891
5052.0,3.1937,-1.3001,0.17152972222222207,1.9959211388888891
5053.0,3.1934,-1.3,0.17116858333333318,1.9959211388888891
5054.0,3.1931,-1.3,0.17080747222222215,1.9959211388888891
5055.0,3.1926,-1.3001,0.1704463611111111,1.9959211388888891
5056.0,3.1922,-1.3,0.17008522222222222,1.9959211388888891
5057.0,3.1919,-1.3,0.1697241111111112,1.9959211388888891
5058.0,3.1915,-1.2999,0.16936299999999993,1.9959211388888891
5059.0,3.1913,-1.3,0.16900191666666675,1.9959211388888891
5060.0,3.191,-1.3,0.16864080555555572,1.9959211388888891
5061.0,3.1908,-1.3,0.16827969444444446,1.9959211388888891
5062.0,3.1903,-1.3001,0.1679185833333332,1.9959211388888891
5063.0,3.1897,-1.3001,0.16755744444444454,1.9959211388888891
5064.0,3.1894,-1.2999,0.16719630555555542,1.9959211388888891
5065.0,3.1892,-1.3,0.16683522222222225,1.9959211388888891
5066.0,3.1885,-1.3,0.1664741111111112,1.9959211388888891
5067.0,3.1883,-1.2999,0.16611299999999996,1.9959211388888891
5068.0,3.1879,-1.3,0.16575191666666655,1.9959211388888891
5069.0,3.1875,-1.3,0.16539080555555552,1.9959211388888891
5070.0,3.1872,-1.3,0.16502969444444449,1.9959211388888891
5071.0,3.1865,-1.3001,0.16466858333333323,1.9959211388888891
5072.0,3.1865,-1.3,0.16430744444444456,1.9959211388888891
5073.0,3.186,-1.3001,0.1639463333333333,1.9959211388888891
5074.0,3.1858,-1.3001,0.16358519444444442,1.9959211388888891
5075.0,3.1854,-1.3,0.16322405555555553,1.9959211388888891
5076.0,3.1851,-1.3,0.1628629444444445,1.9959211388888891
5077.0,3.1846,-1.3,0.16250183333333346,1.9959211388888891
5078.0,3.1842,-1.2999,0.1621407222222222,1.9959211388888891
5079.0,3.1836,-1.3,0.1617796388888888,1.9959211388888891
5080.0,3.1834,-1.3,0.16141852777777776,1.9959211388888891
5081.0,3.1831,-1.3001,0.16105741666666673,1.9959211388888891
5082.0,3.1827,-1.3001,0.16069627777777762,1.9959211388888891
5083.0,3.1823,-1.3,0.16033513888888895,1.9959211388888891
5084.0,3.1819,-1.3,0.1599740277777777,1.9959211388888891
5085.0,3.1815,-1.3,0.15961291666666666,1.9959211388888891
5086.0,3.1812,-1.2999,0.15925180555555563,1.9959211388888891
5087.0,3.1808,-1.3,0.15889072222222222,1.9959211388888891
5088.0,3.1804,-1.3001,0.1585296111111112,1.9959211388888891
5089.0,3.1801,-1.3,0.1581684722222223,1.9959211388888891
5090.0,3.1794,-1.2999,0.15780736111111127,1.9959211388888891
5091.0,3.1791,-1.3,0.15744627777777787,1.9959211388888891
5092.0,3.1788,-1.3,0.15708516666666683,1.9959211388888891
5093.0,3.1785,-1.3,0.15672405555555557,1.9959211388888891
5094.0,3.1779,-1.3,0.15636294444444454,1.9959211388888891
5095.0,3.1776,-1.3001,0.1560018333333335,1.9959211388888891
5096.0,3.1772,-1.3001,0.15564069444444462,1.9959211388888891
5097.0,3.1768,-1.3,0.15527955555555573,1.9959211388888891
5098.0,3.1762,-1.3,0.15491844444444447,1.9959211388888891
5099.0,3.176,-1.3,0.15455733333333344,1.9959211388888891
5100.0,3.1758,-1.3,0.1541962222222224,1.9959211388888891
5101.0,3.1752,-1.3001,0.15383511111111114,1.9959211388888891
5102.0,3.1747,-1.3,0.15347397222222225,1.9959211388888891
5103.0,3.1742,-1.3001,0.15311286111111122,1.9959211388888891
5104.0,3.1739,-1.3,0.15275172222222233,1.9959211388888891
5105.0,3.1734,-1.3,0.1523906111111113,1.9959211388888891
5106.0,3.173,-1.3,0.15202950000000004,1.9959211388888891
5107.0,3.1729,-1.3001,0.15166838888888878,1.9959211388888891
5108.0,3.1722,-1.3,0.15130725000000012,1.9959211388888891
5109.0,3.172,-1.3,0.15094613888888886,1.9959211388888891
5110.0,3.1715,-1.3001,0.15058502777777782,1.9959211388888891
5111.0,3.1711,-1.3,0.15022388888888893,1.9959211388888891
5112.0,3.1705,-1.3001,0.1498627777777779,1.9959211388888891
5113.0,3.1701,-1.3001,0.149501638888889,1.9959211388888891
5114.0,3.1699,-1.3001,0.14914050000000012,1.9959211388888891
5115.0,3.1695,-1.3,0.14877936111111123,1.9959211388888891
5116.0,3.1689,-1.2999,0.14841824999999997,1.9959211388888891
5117.0,3.1684,-1.3002,0.1480571666666668,1.9959211388888891
5118.0,3.1681,-1.3001,0.14769600000000005,1.9959211388888891
5119.0,3.1676,-1.3,0.14733486111111138,1.9959211388888891
5120.0,3.1673,-1.3001,0.1469737499999999,1.9959211388888891
5121.0,3.1671,-1.3001,0.146612611111111,1.9959211388888891
5122.0,3.1664,-1.3001,0.14625147222222212,1.9959211388888891
5123.0,3.166,-1.3,0.14589033333333323,1.9959211388888891
5124.0,3.1656,-1.3,0.1455292222222222,1.9959211388888891
5125.0,3.1652,-1.3002,0.14516811111111116,1.9959211388888891
5126.0,3.1647,-1.3,0.14480694444444442,1.9959211388888891
5127.0,3.1642,-1.3,0.14444583333333338,1.9959211388888891
5128.0,3.1638,-1.3,0.14408472222222213,1.9959211388888891
5129.0,3.1634,-1.3001,0.1437236111111111,1.9959211388888891
5130.0,3.163,-1.3001,0.1433624722222222,1.9959211388888891
5131.0,3.1627,-1.3,0.1430013333333333,1.9959211388888891
5132.0,3.162,-1.3,0.14264022222222228,1.9959211388888891
5133.0,3.1618,-1.3001,0.14227911111111102,1.9959211388888891
5134.0,3.1612,-1.3,0.14191797222222213,1.9959211388888891
5135.0,3.1609,-1.3,0.1415568611111111,1.9959211388888891
5136.0,3.1605,-1.3,0.14119574999999984,1.9959211388888891
5137.0,3.16,-1.3002,0.1408346388888888,1.9959211388888891
5138.0,3.1594,-1.2999,0.14047347222222206,1.9959211388888891
5139.0,3.159,-1.3001,0.14011238888888888,1.9959211388888891
5140.0,3.1584,-1.3001,0.13975125,1.9959211388888891
5141.0,3.158,-1.3,0.1393901111111111,1.9959211388888891
5142.0,3.1577,-1.3,0.13902900000000007,1.9959211388888891
5143.0,3.157,-1.2999,0.1386678888888888,1.9959211388888891
5144.0,3.1569,-1.3,0.13830680555555563,1.9959211388888891
5145.0,3.1564,-1.3001,0.1379456944444446,1.9959211388888891
5146.0,3.1557,-1.3,0.1375845555555555,1.9959211388888891
5147.0,3.1555,-1.2999,0.13722344444444445,1.9959211388888891
5148.0,3.155,-1.3,0.13686236111111105,1.9959211388888891
5149.0,3.1544,-1.3,0.13650125000000002,1.9959211388888891
5150.0,3.154,-1.3,0.13614013888888898,1.9959211388888891
5151.0,3.1536,-1.3,0.13577902777777773,1.9959211388888891
5152.0,3.153,-1.3001,0.1354179166666667,1.9959211388888891
5153.0,3.1528,-1.3001,0.1350567777777778,1.9959211388888891
5154.0,3.152,-1.3001,0.1346956388888889,1.9959211388888891
5155.0,3.1517,-1.3001,0.13433450000000002,1.9959211388888891
5156.0,3.1514,-1.2999,0.13397336111111113,1.9959211388888891
5157.0,3.1506,-1.3,0.13361227777777773,1.9959211388888891
5158.0,3.1504,-1.3,0.1332511666666667,1.9959211388888891
5159.0,3.1498,-1.3,0.13289005555555566,1.9959211388888891
5160.0,3.1493,-1.3001,0.1325289444444444,1.9959211388888891
5161.0,3.1489,-1.2999,0.13216780555555552,1.9959211388888891
5162.0,3.1483,-1.3,0.13180672222222234,1.9959211388888891
5163.0,3.1478,-1.2999,0.13144561111111108,1.9959211388888891
5164.0,3.1473,-1.3,0.13108452777777768,1.9959211388888891
5165.0,3.1469,-1.3,0.13072341666666665,1.9959211388888891
5166.0,3.1465,-1.3,0.1303623055555556,1.9959211388888891
5167.0,3.146,-1.3001,0.13000119444444436,1.9959211388888891
5168.0,3.1455,-1.3,0.1296400555555557,1.9959211388888891
5169.0,3.1449,-1.2999,0.12927894444444443,1.9959211388888891
5170.0,3.1445,-1.3,0.12891786111111103,1.9959211388888891
5171.0,3.144,-1.3,0.12855675,1.9959211388888891
5172.0,3.1434,-1.3,0.12819563888888896,1.9959211388888891
5173.0,3.1431,-1.2999,0.1278345277777777,1.9959211388888891
5174.0,3.1426,-1.3001,0.1274734444444443,1.9959211388888891
5175.0,3.142,-1.3001,0.12711230555555564,1.9959211388888891
5176.0,3.1416,-1.3,0.12675116666666653,1.9959211388888891
5177.0,3.1411,-1.2999,0.1263900555555555,1.9959211388888891
5178.0,3.1406,-1.3,0.1260289722222223,1.9959211388888891
5179.0,3.1403,-1.3001,0.12566786111111106,1.9959211388888891
5180.0,3.1397,-1.3001,0.12530672222222217,1.9959211388888891
5181.0,3.1387,-1.3,0.12494558333333328,1.9959211388888891
5182.0,3.1387,-1.3,0.12458447222222202,1.9959211388888891
5183.0,3.138,-1.3,0.12422336111111121,1.9959211388888891
5184.0,3.1376,-1.3001,0.12386224999999995,1.9959211388888891
5185.0,3.1369,-1.2999,0.12350111111111128,1.9959211388888891
5186.0,3.1366,-1.3,0.12314002777777788,1.9959211388888891
5187.0,3.1361,-1.3,0.12277891666666663,1.9959211388888891
5188.0,3.1355,-1.3,0.12241780555555559,1.9959211388888891
5189.0,3.1349,-1.3,0.12205669444444456,1.9959211388888891
5190.0,3.1346,-1.3,0.1216955833333333,1.9959211388888891
5191.0,3.1338,-1.3,0.12133447222222227,1.9959211388888891
5192.0,3.1335,-1.3,0.12097336111111123,1.9959211388888891
5193.0,3.1329,-1.3,0.12061224999999998,1.9959211388888891
5194.0,3.1325,-1.3001,0.12025113888888872,1.9959211388888891
5195.0,3.1318,-1.3,0.11989000000000005,1.9959211388888891
5196.0,3.1312,-1.3,0.1195288888888888,1.9959211388888891
5197.0,3.1308,-1.3,0.11916777777777776,1.9959211388888891
5198.0,3.1302,-1.3,0.11880666666666673,1.9959211388888891
5199.0,3.1298,-1.3,0.11844555555555547,1.9959211388888891
5200.0,3.1292,-1.3,0.11808444444444421,1.9959211388888891
5201.0,3.1285,-1.3001,0.11772333333333318,1.9959211388888891
5202.0,3.1281,-1.2999,0.11736219444444429,1.9959211388888891
5203.0,3.1278,-1.3,0.11700111111111089,1.9959211388888891
5204.0,3.1272,-1.3,0.11663999999999985,1.9959211388888891
5205.0,3.1264,-1.3,0.11627888888888882,1.9959211388888891
5206.0,3.126,-1.2999,0.11591777777777756,1.9959211388888891
5207.0,3.1252,-1.3,0.11555669444444439,1.9959211388888891
5208.0,3.125,-1.3,0.11519558333333335,1.9959211388888891
5209.0,3.1244,-1.3,0.1148344722222221,1.9959211388888891
5210.0,3.1237,-1.3001,0.11447336111111106,1.9959211388888891
5211.0,3.1231,-1.3,0.11411222222222217,1.9959211388888891
5212.0,3.1227,-1.3,0.11375111111111091,1.9959211388888891
5213.0,3.1221,-1.3001,0.11338999999999988,1.9959211388888891
5214.0,3.1215,-1.3,0.11302886111111099,1.9959211388888891
5215.0,3.121,-1.3,0.11266774999999996,1.9959211388888891
5216.0,3.1206,-1.3001,0.11230663888888892,1.9959211388888891
5217.0,3.1197,-1.3,0.11194550000000003,1.9959211388888891
5218.0,3.1193,-1.3001,0.111584388888889,1.9959211388888891
5219.0,3.1189,-1.3,0.1112232500000001,1.9959211388888891
5220.0,3.1181,-1.3001,0.11086213888888885,1.9959211388888891
5221.0,3.1177,-1.3,0.11050099999999996,1.9959211388888891
5222.0,3.1173,-1.3,0.11013988888888893,1.9959211388888891
5223.0,3.1165,-1.3,0.10977877777777789,1.9959211388888891
5224.0,3.1158,-1.3001,0.10941766666666664,1.9959211388888891
5225.0,3.1154,-1.3001,0.10905652777777775,1.9959211388888891
5226.0,3.1148,-1.3001,0.10869538888888886,1.9959211388888891
5227.0,3.1142,-1.3,0.10833424999999997,1.9959211388888891
5228.0,3.1137,-1.3001,0.10797313888888893,1.9959211388888891
5229.0,3.113,-1.3001,0.10761200000000004,1.9959211388888891
5230.0,3.1125,-1.2999,0.10725086111111115,1.9959211388888891
5231.0,3.1117,-1.3,0.10688977777777775,1.9959211388888891
5232.0,3.1112,-1.3002,0.1065286666666665,1.9959211388888891
5233.0,3.1106,-1.3001,0.10616749999999997,1.9959211388888891
5234.0,3.1101,-1.3,0.10580636111111108,1.9959211388888891
5235.0,3.1093,-1.3001,0.10544525000000005,1.9959211388888891
5236.0,3.1089,-1.3,0.10508411111111093,1.9959211388888891
5237.0,3.1083,-1.3,0.10472300000000012,1.9959211388888891
5238.0,3.1079,-1.3,0.10436188888888887,1.9959211388888891
5239.0,3.107,-1.3,0.10400077777777761,1.9959211388888891
5240.0,3.1067,-1.2999,0.1036396666666668,1.9959211388888891
5241.0,3.1058,-1.3001,0.1032785833333334,1.9959211388888891
5242.0,3.1052,-1.3,0.10291744444444428,1.9959211388888891
5243.0,3.1045,-1.3,0.10255633333333347,1.9959211388888891
5244.0,3.1041,-1.3,0.10219522222222222,1.9959211388888891
5245.0,3.1035,-1.3,0.10183411111111096,1.9959211388888891
5246.0,3.1028,-1.3,0.10147300000000015,1.9959211388888891
5247.0,3.1024,-1.3,0.10111188888888889,1.9959211388888891
5248.0,3.1016,-1.3001,0.10075077777777786,1.9959211388888891
5249.0,3.101,-1.3001,0.10038963888888897,1.9959211388888891
5250.0,3.1003,-1.3,0.10002850000000008,1.9959211388888891
5251.0,3.0997,-1.3001,0.09966738888888904,1.9959211388888891
5252.0,3.0991,-1.2999,0.09930625000000015,1.9959211388888891
5253.0,3.0984,-1.3,0.09894516666666675,1.9959211388888891
5254.0,3.0977,-1.3,0.09858405555555572,1.9959211388888891
5255.0,3.0971,-1.3001,0.09822294444444446,1.9959211388888891
5256.0,3.0964,-1.3,0.09786180555555579,1.9959211388888891
5257.0,3.0958,-1.3,0.09750069444444454,1.9959211388888891
5258.0,3.0954,-1.3,0.0971395833333335,1.9959211388888891
5259.0,3.0946,-1.3,0.09677847222222247,1.9959211388888891
5260.0,3.094,-1.3,0.09641736111111121,1.9959211388888891
5261.0,3.0935,-1.3,0.09605625000000018,1.9959211388888891
5262.0,3.0927,-1.3,0.09569513888888914,1.9959211388888891
5263.0,3.0919,-1.3001,0.09533402777777789,1.9959211388888891
5264.0,3.0914,-1.3001,0.094972888888889,1.9959211388888891
5265.0,3.0908,-1.3,0.0946117500000001,1.9959211388888891
5266.0,3.0902,-1.3,0.09425063888888885,1.9959211388888891
5267.0,3.0897,-1.3,0.09388952777777781,1.9959211388888891
5268.0,3.0888,-1.3001,0.09352841666666678,1.9959211388888891
5269.0,3.088,-1.3,0.09316727777777789,1.9959211388888891
5270.0,3.0874,-1.3,0.09280616666666663,1.9959211388888891
5271.0,3.0867,-1.3,0.0924450555555556,1.9959211388888891
5272.0,3.0862,-1.2999,0.09208394444444457,1.9959211388888891
5273.0,3.0854,-1.3,0.09172286111111116,1.9959211388888891
5274.0,3.0846,-1.3001,0.09136175000000013,1.9959211388888891
5275.0,3.0841,-1.3001,0.09100061111111124,1.9959211388888891
5276.0,3.0832,-1.3,0.09063947222222235,1.9959211388888891
5277.0,3.0827,-1.3,0.0902783611111111,1.9959211388888891
5278.0,3.0819,-1.3001,0.08991725000000006,1.9959211388888891
5279.0,3.0812,-1.3001,0.08955611111111117,1.9959211388888891
5280.0,3.0808,-1.3,0.08919497222222206,1.9959211388888891
5281.0,3.0799,-1.2999,0.08883386111111102,1.9959211388888891
5282.0,3.0792,-1.3001,0.08847277777777784,1.9959211388888891
5283.0,3.0786,-1.3001,0.08811163888888873,1.9959211388888891
5284.0,3.0777,-1.3001,0.08775050000000006,1.9959211388888891
5285.0,3.0772,-1.3,0.08738936111111095,1.9959211388888891
5286.0,3.0764,-1.3001,0.08702824999999992,1.9959211388888891
5287.0,3.0759,-1.3,0.08666711111111103,1.9959211388888891
5288.0,3.075,-1.3,0.08630599999999977,1.9959211388888891
5289.0,3.0743,-1.3001,0.08594488888888874,1.9959211388888891
5290.0,3.0736,-1.3,0.08558374999999985,1.9959211388888891
5291.0,3.0728,-1.3,0.08522263888888881,1.9959211388888891
5292.0,3.072,-1.3,0.08486152777777778,1.9959211388888891
5293.0,3.0714,-1.3,0.08450041666666652,1.9959211388888891
5294.0,3.0708,-1.3001,0.08413930555555549,1.9959211388888891
5295.0,3.0701,-1.3001,0.0837781666666666,1.9959211388888891
5296.0,3.0692,-1.3001,0.08341702777777771,1.9959211388888891
5297.0,3.0685,-1.3,0.08305588888888882,1.9959211388888891
5298.0,3.0677,-1.3,0.08269477777777778,1.9959211388888891
5299.0,3.0669,-1.3,0.08233366666666675,1.9959211388888891
5300.0,3.0663,-1.3,0.08197255555555549,1.9959211388888891
5301.0,3.0656,-1.3001,0.08161144444444446,1.9959211388888891
5302.0,3.0645,-1.2999,0.08125030555555557,1.9959211388888891
5303.0,3.0639,-1.3001,0.08088922222222217,1.9959211388888891
5304.0,3.063,-1.3001,0.08052808333333328,1.9959211388888891
5305.0,3.0624,-1.2999,0.08016694444444439,1.9959211388888891
5306.0,3.0617,-1.3,0.07980586111111099,1.9959211388888891
5307.0,3.061,-1.3,0.07944474999999995,1.9959211388888891
5308.0,3.0602,-1.3,0.07908363888888892,1.9959211388888891
5309.0,3.0594,-1.2999,0.07872252777777766,1.9959211388888891
5310.0,3.0586,-1.3,0.07836144444444448,1.9959211388888891
5311.0,3.0578,-1.3,0.07800033333333323,1.9959211388888891
5312.0,3.0573,-1.3,0.07763922222222219,1.9959211388888891
5313.0,3.0563,-1.3,0.07727811111111116,1.9959211388888891
5314.0,3.0556,-1.3002,0.07691700000000012,1.9959211388888891
5315.0,3.0547,-1.3,0.07655583333333338,1.9959211388888891
5316.0,3.0538,-1.3001,0.07619472222222234,1.9959211388888891
5317.0,3.0533,-1.3,0.07583358333333323,1.9959211388888891
5318.0,3.0525,-1.3,0.0754724722222222,1.9959211388888891
5319.0,3.0515,-1.3,0.07511136111111116,1.9959211388888891
5320.0,3.0506,-1.3,0.07475024999999991,1.9959211388888891
5321.0,3.0501,-1.3,0.07438913888888887,1.9959211388888891
5322.0,3.0489,-1.3001,0.07402802777777784,1.9959211388888891
5323.0,3.0483,-1.3,0.07366688888888895,1.9959211388888891
5324.0,3.0474,-1.3,0.07330577777777791,1.9959211388888891
5325.0,3.0467,-1.3001,0.07294466666666666,1.9959211388888891
5326.0,3.046,-1.3,0.07258352777777777,1.9959211388888891
5327.0,3.0449,-1.3,0.07222241666666673,1.9959211388888891
5328.0,3.0442,-1.3,0.07186130555555548,1.9959211388888891
5329.0,3.0433,-1.3,0.07150019444444444,1.9959211388888891
5330.0,3.0427,-1.3001,0.07113908333333341,1.9959211388888891
5331.0,3.0418,-1.3,0.07077794444444452,1.9959211388888891
5332.0,3.0408,-1.2999,0.07041683333333326,1.9959211388888891
5333.0,3.0401,-1.3,0.07005575000000008,1.9959211388888891
5334.0,3.0391,-1.3,0.06969463888888883,1.9959211388888891
5335.0,3.0384,-1.3001,0.06933352777777779,1.9959211388888891
5336.0,3.0376,-1.3,0.0689723888888889,1.9959211388888891
5337.0,3.0364,-1.3,0.06861127777777765,1.9959211388888891
5338.0,3.0357,-1.3,0.06825016666666661,1.9959211388888891
5339.0,3.0352,-1.3,0.06788905555555558,1.9959211388888891
5340.0,3.034,-1.3,0.06752794444444432,1.9959211388888891
5341.0,3.0331,-1.3001,0.06716683333333329,1.9959211388888891
5342.0,3.0324,-1.3001,0.0668056944444444,1.9959211388888891
5343.0,3.0315,-1.3001,0.0664445555555555,1.9959211388888891
5344.0,3.0307,-1.3,0.06608341666666662,1.9959211388888891
5345.0,3.0297,-1.3001,0.06572230555555536,1.9959211388888891
5346.0,3.0289,-1.2999,0.06536116666666669,1.9959211388888891
5347.0,3.0279,-1.3001,0.06500008333333329,1.9959211388888891
5348.0,3.0272,-1.3001,0.06463894444444418,1.9959211388888891
5349.0,3.0261,-1.3001,0.06427780555555551,1.9959211388888891
5350.0,3.0254,-1.3,0.0639166666666664,1.9959211388888891
5351.0,3.0244,-1.3001,0.06355555555555559,1.9959211388888891
5352.0,3.0235,-1.3,0.06319441666666648,1.9959211388888891
5353.0,3.0225,-1.3001,0.06283330555555566,1.9959211388888891
5354.0,3.0217,-1.3,0.06247216666666655,1.9959211388888891
5355.0,3.0208,-1.3,0.062111055555555295,1.9959211388888891
5356.0,3.0197,-1.3,0.06174994444444448,1.9959211388888891
5357.0,3.0189,-1.3,0.061388833333333226,1.9959211388888891
5358.0,3.018,-1.3,0.06102772222222197,1.9959211388888891
5359.0,3.0169,-1.3,0.06066661111111116,1.9959211388888891
5360.0,3.016,-1.3,0.06030550000000012,1.9959211388888891
5361.0,3.0151,-1.3,0.05994438888888909,1.9959211388888891
5362.0,3.0142,-1.3001,0.05958327777777783,1.9959211388888891
5363.0,3.013,-1.3,0.05922213888888894,1.9959211388888891
5364.0,3.0123,-1.3,0.05886102777777791,1.9959211388888891
5365.0,3.0113,-1.3,0.05849991666666665,1.9959211388888891
5366.0,3.0103,-1.3,0.05813880555555562,1.9959211388888891
5367.0,3.0091,-1.2999,0.05777769444444458,1.9959211388888891
5368.0,3.0083,-1.3,0.05741661111111118,1.9959211388888891
5369.0,3.0072,-1.3,0.057055499999999926,1.9959211388888891
5370.0,3.0065,-1.3,0.05669438888888889,1.9959211388888891
5371.0,3.0054,-1.3,0.05633327777777786,1.9959211388888891
5372.0,3.0043,-1.3,0.0559721666666666,1.9959211388888891
5373.0,3.0035,-1.3001,0.055611055555555566,1.9959211388888891
5374.0,3.0026,-1.3,0.055249916666666676,1.9959211388888891
5375.0,3.0016,-1.3,0.05488880555555564,1.9959211388888891
5376.0,3.0002,-1.3,0.05452769444444461,1.9959211388888891
5377.0,2.9995,-1.3001,0.05416658333333335,1.9959211388888891
5378.0,2.9984,-1.3,0.05380544444444446,1.9959211388888891
5379.0,2.9974,-1.3,0.05344433333333343,1.9959211388888891
5380.0,2.9963,-1.3,0.05308322222222239,1.9959211388888891
5381.0,2.9952,-1.3,0.052722111111111136,1.9959211388888891
5382.0,2.9944,-1.2999,0.0523610000000001,1.9959211388888891
5383.0,2.9933,-1.3,0.0519999166666667,1.9959211388888891
5384.0,2.9922,-1.3,0.05163880555555567,1.9959211388888891
5385.0,2.9909,-1.2999,0.05127769444444463,1.9959211388888891
5386.0,2.9899,-1.3,0.05091661111111123,1.9959211388888891
5387.0,2.9891,-1.3,0.0505555000000002,1.9959211388888891
5388.0,2.988,-1.3001,0.05019438888888894,1.9959211388888891
5389.0,2.9871,-1.3,0.04983325000000005,1.9959211388888891
5390.0,2.9858,-1.3,0.04947213888888902,1.9959211388888891
5391.0,2.9846,-1.2999,0.04911102777777798,1.9959211388888891
5392.0,2.9836,-1.2999,0.04874994444444458,1.9959211388888891
5393.0,2.9826,-1.3,0.04838886111111118,1.9959211388888891
5394.0,2.9814,-1.3,0.04802775000000015,1.9959211388888891
5395.0,2.9802,-1.3001,0.04766663888888911,1.9959211388888891
5396.0,2.9792,-1.2999,0.0473055,1.9959211388888891
5397.0,2.9782,-1.3,0.04694441666666682,1.9959211388888891
5398.0,2.9769,-1.3001,0.04658330555555579,1.9959211388888891
5399.0,2.9758,-1.3,0.046222166666666675,1.9959211388888891
5400.0,2.9748,-1.3,0.04586105555555564,1.9959211388888891
5401.0,2.9734,-1.3,0.04549994444444461,1.9959211388888891
5402.0,2.9723,-1.3,0.04513883333333335,1.9959211388888891
5403.0,2.9713,-1.3,0.044777722222222316,1.9959211388888891
5404.0,2.97,-1.3,0.04441661111111128,1.9959211388888891
5405.0,2.9689,-1.3001,0.044055500000000025,1.9959211388888891
5406.0,2.9676,-1.3001,0.04369436111111136,1.9959211388888891
5407.0,2.9664,-1.3001,0.043333222222222245,1.9959211388888891
5408.0,2.9656,-1.3,0.042972083333333355,1.9959211388888891
5409.0,2.9644,-1.2999,0.04261097222222232,1.9959211388888891
5410.0,2.9631,-1.3,0.04224988888888892,1.9959211388888891
5411.0,2.9617,-1.3,0.041888777777777664,1.9959211388888891
5412.0,2.9607,-1.3,0.04152766666666663,1.9959211388888891
5413.0,2.9593,-1.3,0.041166555555555595,1.9959211388888891
5414.0,2.9581,-1.3,0.04080544444444434,1.9959211388888891
5415.0,2.957,-1.3,0.040444333333333304,1.9959211388888891
5416.0,2.9555,-1.3,0.04008322222222227,1.9959211388888891
5417.0,2.9544,-1.3001,0.039722111111111014,1.9959211388888891
5418.0,2.9531,-1.3,0.039360972222222346,1.9959211388888891
5419.0,2.9518,-1.3,0.03899986111111109,1.9959211388888891
5420.0,2.9508,-1.2999,0.03863874999999983,1.9959211388888891
5421.0,2.9496,-1.2999,0.038277666666666654,1.9959211388888891
5422.0,2.9482,-1.3,0.037916583333333476,1.9959211388888891
5423.0,2.9467,-1.3,0.03755547222222222,1.9959211388888891
5424.0,2.9455,-1.3,0.03719436111111096,1.9959211388888891
5425.0,2.9441,-1.3,0.03683325000000015,1.9959211388888891
5426.0,2.9428,-1.3,0.036472138888888894,1.9959211388888891
5427.0,2.9416,-1.3,0.03611102777777764,1.9959211388888891
5428.0,2.9404,-1.3,0.035749916666666826,1.9959211388888891
5429.0,2.9389,-1.3,0.03538880555555557,1.9959211388888891
5430.0,2.9374,-1.3,0.03502769444444431,1.9959211388888891
5431.0,2.936,-1.3,0.0346665833333335,1.9959211388888891
5432.0,2.9346,-1.3001,0.034305472222222244,1.9959211388888891
5433.0,2.9335,-1.3001,0.033944333333333354,1.9959211388888891
5434.0,2.932,-1.3,0.033583194444444464,1.9959211388888891
5435.0,2.9305,-1.3,0.03322208333333321,1.9959211388888891
5436.0,2.9291,-1.3,0.03286097222222217,1.9959211388888891
5437.0,2.9278,-1.3,0.03249986111111114,1.9959211388888891
5438.0,2.9262,-1.3001,0.03213874999999988,1.9959211388888891
5439.0,2.925,-1.2999,0.031777611111111215,1.9959211388888891
5440.0,2.9233,-1.3,0.03141652777777759,1.9959211388888891
5441.0,2.9221,-1.3,0.031055416666666558,1.9959211388888891
5442.0,2.9205,-1.3001,0.0306943055555553,1.9959211388888891
5443.0,2.9191,-1.3,0.030333166666666633,1.9959211388888891
5444.0,2.9176,-1.2999,0.029972055555555377,1.9959211388888891
5445.0,2.9162,-1.3001,0.029610972222221976,1.9959211388888891
5446.0,2.9144,-1.3,0.029249833333333308,1.9959211388888891
5447.0,2.913,-1.3,0.028888722222222052,1.9959211388888891
5448.0,2.9117,-1.3,0.028527611111111018,1.9959211388888891
5449.0,2.91,-1.2999,0.028166499999999983,1.9959211388888891
5450.0,2.9083,-1.3,0.027805416666666583,1.9959211388888891
5451.0,2.9069,-1.3,0.027444305555555326,1.9959211388888891
5452.0,2.9054,-1.3,0.027083194444444292,1.9959211388888891
5453.0,2.9036,-1.3,0.026722083333333257,1.9959211388888891
5454.0,2.9023,-1.3001,0.026360972222222,1.9959211388888891
5455.0,2.9004,-1.3,0.025999833333333333,1.9959211388888891
5456.0,2.8988,-1.3,0.025638722222222077,1.9959211388888891
5457.0,2.8972,-1.2999,0.025277611111111042,1.9959211388888891
5458.0,2.8958,-1.3,0.02491652777777764,1.9959211388888891
5459.0,2.8941,-1.3,0.024555416666666607,1.9959211388888891
5460.0,2.8923,-1.3,0.02419430555555535,1.9959211388888891
5461.0,2.8907,-1.3,0.023833194444444317,1.9959211388888891
5462.0,2.8891,-1.3,0.023472083333333282,1.9959211388888891
5463.0,2.8872,-1.2999,0.023110972222222026,1.9959211388888891
5464.0,2.8853,-1.3,0.022749888888888847,1.9959211388888891
5465.0,2.8839,-1.3,0.02238877777777759,1.9959211388888891
5466.0,2.8821,-1.3001,0.022027666666666557,1.9959211388888891
5467.0,2.8803,-1.3001,0.021666527777777667,1.9959211388888891
5468.0,2.8784,-1.2999,0.021305388888888777,1.9959211388888891
5469.0,2.8766,-1.2999,0.020944305555555376,1.9959211388888891
5470.0,2.8747,-1.3,0.020583222222222197,1.9959211388888891
5471.0,2.8731,-1.3,0.02022211111111094,1.9959211388888891
5472.0,2.8713,-1.2999,0.019860999999999907,1.9959211388888891
5473.0,2.8695,-1.3001,0.019499916666666506,1.9959211388888891
5474.0,2.8678,-1.3,0.019138777777777838,1.9959211388888891
5475.0,2.8658,-1.3,0.01877766666666658,1.9959211388888891
5476.0,2.8638,-1.2999,0.018416555555555547,1.9959211388888891
5477.0,2.8619,-1.2999,0.018055472222222146,1.9959211388888891
5478.0,2.86,-1.3001,0.017694388888888968,1.9959211388888891
5479.0,2.8582,-1.2999,0.017333249999999856,1.9959211388888891
5480.0,2.8561,-1.3,0.016972166666666455,1.9959211388888891
5481.0,2.8543,-1.3,0.016611055555555643,1.9959211388888891
5482.0,2.8524,-1.2999,0.016249944444444386,1.9959211388888891
5483.0,2.8502,-1.3,0.015888861111110986,1.9959211388888891
5484.0,2.8486,-1.3,0.015527749999999951,1.9959211388888891
5485.0,2.8464,-1.3,0.015166638888888917,1.9959211388888891
5486.0,2.8443,-1.3,0.01480552777777766,1.9959211388888891
5487.0,2.8423,-1.3,0.014444416666666626,1.9959211388888891
5488.0,2.8404,-1.3,0.014083305555555592,1.9959211388888891
5489.0,2.8382,-1.3,0.013722194444444336,1.9959211388888891
5490.0,2.8361,-1.3001,0.013361083333333301,1.9959211388888891
5491.0,2.8341,-1.3,0.012999944444444411,1.9959211388888891
5492.0,2.8318,-1.2999,0.012638833333333377,1.9959211388888891
5493.0,2.8298,-1.3,0.012277749999999976,1.9959211388888891
5494.0,2.8276,-1.3,0.011916638888888942,1.9959211388888891
5495.0,2.8254,-1.3,0.011555527777777685,1.9959211388888891
5496.0,2.8232,-1.3,0.011194416666666651,1.9959211388888891
5497.0,2.8212,-1.3,0.010833305555555617,1.9959211388888891
5498.0,2.8188,-1.3,0.01047219444444436,1.9959211388888891
5499.0,2.8168,-1.2999,0.010111083333333326,1.9959211388888891
5500.0,2.8143,-1.3,0.009750000000000147,1.9959211388888891
5501.0,2.8123,-1.3,0.009388888888888891,1.9959211388888891
5502.0,2.8101,-1.3001,0.009027777777777857,1.9959211388888891
5503.0,2.8077,-1.3,0.008666638888888967,1.9959211388888891
5504.0,2.8055,-1.2999,0.00830552777777771,1.9959211388888891
5505.0,2.8029,-1.2999,0.00794444444444431,1.9959211388888891
5506.0,2.8008,-1.3,0.007583361111110909,1.9959211388888891
5507.0,2.7984,-1.3,0.007222249999999875,1.9959211388888891
5508.0,2.7959,-1.3001,0.00686113888888884,1.9959211388888891
5509.0,2.7933,-1.3,0.00649999999999995,1.9959211388888891
5510.0,2.7911,-1.3,0.006138888888888694,1.9959211388888891
5511.0,2.7889,-1.3,0.0057777777777776596,1.9959211388888891
5512.0,2.7866,-1.3001,0.005416666666666625,1.9959211388888891
5513.0,2.7839,-1.2999,0.005055527777777735,1.9959211388888891
5514.0,2.7814,-1.3,0.0046944444444443345,1.9959211388888891
5515.0,2.779,-1.3001,0.004333333333333078,1.9959211388888891
5516.0,2.7765,-1.3,0.00397219444444441,1.9959211388888891
5517.0,2.7739,-1.3,0.003611083333333154,1.9959211388888891
5518.0,2.7713,-1.3,0.0032499722222221195,1.9959211388888891
5519.0,2.769,-1.3,0.002888861111111085,1.9959211388888891
5520.0,2.7665,-1.3,0.002527750000000051,1.9959211388888891
5521.0,2.7639,-1.3,0.0021666388888887944,1.9959211388888891
5522.0,2.7613,-1.3,0.00180552777777776,1.9959211388888891
5523.0,2.7586,-1.2999,0.0014444166666667257,1.9959211388888891
5524.0,2.7557,-1.3,0.001083333333333325,1.9959211388888891
5525.0,2.7531,-1.3,0.0007222222222222907,1.9959211388888891
5526.0,2.7506,-1.3,0.00036111111111103433,1.9959211388888891
5526.0,2.7499,-1.3,0.0,1.9959211388888891
